@T, output
created_at,"Mon May 01 13:56:34 MDT 2023"
date_format,yyyy-MM-dd
@H,time,ID,precip,tmean,outRD1,insed,gensed,outsed,sedpool
Type,LocalDate,Integer,Double,Double,Double,Double,Double,Double,Double
Unit,-,-,mm,C,l,-,t/d,-,-
,2011-01-01,16,1.17696,-20.18235,0,0,0,0,0
,2011-01-02,16,0.83334,-16.33397,0,0,0,0,0
,2011-01-03,16,0.30069,-7.84586,0,0,0,0,0
,2011-01-04,16,0.00745,-7.4967,0,0,0,0,0
,2011-01-05,16,0.86889,-6.3557,0,0,0,0,0
,2011-01-06,16,0.16284,-5.78397,0,0,0,0,0
,2011-01-07,16,0.00373,-1.09136,0,0,0,0,0
,2011-01-08,16,0.86334,-0.6422,0,0,0,0,0
,2011-01-09,16,5.64973,-0.01597,0,0,0,0,0
,2011-01-10,16,0.86017,-12.07827,0,0,0,0,0
,2011-01-11,16,0.43928,-17.95366,0,0,0,0,0
,2011-01-12,16,0.01122,-13.07047,0,0,0,0,0
,2011-01-13,16,0,-4.95858,0,0,0,0,0
,2011-01-14,16,0.04399,-0.39136,0,0,0,0,0
,2011-01-15,16,0.02664,-0.46555,0,0,0,0,0
,2011-01-16,16,1.97879,-1.44628,0,0,0,0,0
,2011-01-17,16,11.59974,-0.57497,0,0,0,0,0
,2011-01-18,16,1.27834,-0.77743,0,0,0,0,0
,2011-01-19,16,4.72518,-3.22743,0,0,0,0,0
,2011-01-20,16,1.64325,-7.84424,0,0,0,0,0
,2011-01-21,16,2.49443,-9.23974,0,0,0,0,0
,2011-01-22,16,2.62343,-4.88193,0,0,0,0,0
,2011-01-23,16,0.41391,-7.09424,0,0,0,0,0
,2011-01-24,16,0.53488,-6.1467,0,0,0,0,0
,2011-01-25,16,0.1017,-7.41308,0,0,0,0,0
,2011-01-26,16,0.00234,-5.16308,0,0,0,0,0
,2011-01-27,16,0,-4.12497,0,0,0,0,0
,2011-01-28,16,0,0.62011,0,0,0,0,0
,2011-01-29,16,0,4.17257,0,0,0,0,0
,2011-01-30,16,0,0.29388,0,0,0,0,0
,2011-01-31,16,1.69244,-1.1467,0,0,0,0,0
,2011-02-01,16,0.04518,-15.4,0,0,0,0,0
,2011-02-02,16,0,-26.96351,0,0,0,0,0
,2011-02-03,16,2.25448,-23.56843,0,0,0,0,0
,2011-02-04,16,0.96403,-11.05858,0,0,0,0,0
,2011-02-05,16,12.10657,-5.27743,0,0,0,0,0
,2011-02-06,16,7.33871,-6.79382,0,0,0,0,0
,2011-02-07,16,11.79112,-11.85858,0,0,0,0,0
,2011-02-08,16,1.40257,-10.20654,0,0,0,0,0
,2011-02-09,16,0.97242,-20.68974,0,0,0,0,0
,2011-02-10,16,0.5395,-17.52047,0,0,0,0,0
,2011-02-11,16,0.33164,-11.68685,0,0,0,0,0
,2011-02-12,16,0.03164,-5.97497,0,0,0,0,0
,2011-02-13,16,0.00062,-0.86062,0,0,0,0,0
,2011-02-14,16,0,1.79184,0,0,0,0,0
,2011-02-15,16,0,2.02053,0,0,0,0,0
,2011-02-16,16,0.13221,3.21849,0,0,0,0,0
,2011-02-17,16,3.42901,3.60084,0,0,0,0,0
,2011-02-18,16,0.09144,-4.68643,0,0,0,0,0
,2011-02-19,16,2.7237,-2.06062,0,0,0,0,0
,2011-02-20,16,0.07271,1.76477,0,0,0,0,0
,2011-02-21,16,0.05788,-6.12293,0,0,0,0,0
,2011-02-22,16,0.00155,-7.96759,0,0,0,0,0
,2011-02-23,16,0,-3.53932,0,0,0,0,0
,2011-02-24,16,3.3503,-3.53932,0,0,0,0,0
,2011-02-25,16,5.69668,-5.82089,0,0,0,0,0
,2011-02-26,16,1.25559,-6.73073,0,0,0,0,0
,2011-02-27,16,0.72813,-2.7102,0,0,0,0,0
,2011-02-28,16,0.01865,-3.10612,0,0,0,0,0
,2011-03-01,16,0,-0.92455,0,0,0,0,0
,2011-03-02,16,0,1.07011,0,0,0,0,0
,2011-03-03,16,1.91238,1.68445,0,0,0,0,0
,2011-03-04,16,0.07374,0.00576,0,0,0,0,0
,2011-03-05,16,0.55435,-4.41308,0,0,0,0,0
,2011-03-06,16,4.14828,-3.55366,0,0,0,0,0
,2011-03-07,16,1.28269,-3.07989,0,0,0,0,0
,2011-03-08,16,0.03131,-5.21188,0,0,0,0,0
,2011-03-09,16,0.06482,-6.33523,0,0,0,0,0
,2011-03-10,16,0.00173,-3.24874,0,0,0,0,0
,2011-03-11,16,0,3.20822,0,0,0,0,0
,2011-03-12,16,3.39191,2.57461,0,0,0,0,0
,2011-03-13,16,3.32311,1.34838,0,0,0,0,0
,2011-03-14,16,0.25742,-1.07005,0,0,0,0,0
,2011-03-15,16,0.00459,3.81519,0,0,0,0,0
,2011-03-16,16,0,3.11765,0,0,0,0,0
,2011-03-17,16,4.43455,7.38938,0,0,0,0,0
,2011-03-18,16,1.0798,1.89346,0,0,0,0,0
,2011-03-19,16,0.0486,-0.35162,0,0,0,0,0
,2011-03-20,16,0.00062,5.41723,0,0,0,0,0
,2011-03-21,16,1.79742,3.9488,0,0,0,0,0
,2011-03-22,16,2.7591,5.97215,0,0,0,0,0
,2011-03-23,16,0.90241,-3.11308,0,0,0,0,0
,2011-03-24,16,1.03899,-2.28439,0,0,0,0,0
,2011-03-25,16,1.27396,-2.37047,0,0,0,0,0
,2011-03-26,16,1.07426,-0.08974,0,0,0,0,0
,2011-03-27,16,3.41706,-2.42743,0,0,0,0,0
,2011-03-28,16,7.70586,-2.24874,0,0,0,0,0
,2011-03-29,16,1.43188,-4.23932,0,0,0,0,0
,2011-03-30,16,5.58049,-3.87989,0,0,0,0,0
,2011-03-31,16,3.88562,-2.54832,0,0,0,0,0
,2011-04-01,16,0.09977,3.30372,0,0,0,0,0
,2011-04-02,16,0,6.41068,0,0,0,0,0
,2011-04-03,16,2.96772,9.80084,0,0,0,0,0
,2011-04-04,16,0.88119,-1.67785,0,0,0,0,0
,2011-04-05,16,0.02159,-5.83235,0,0,0,0,0
,2011-04-06,16,0.06682,4.43199,0,0,0,0,0
,2011-04-07,16,0.00178,1.6455,0,0,0,0,0
,2011-04-08,16,0,2.91969,0,0,0,0,0
,2011-04-09,16,1.15395,5.58649,0,0,0,0,0
,2011-04-10,16,0.32979,3.73403,0,0,0,0,0
,2011-04-11,16,0.09364,-3.78685,0,0,0,0,0
,2011-04-12,16,0.00229,2.20084,0,0,0,0,0
,2011-04-13,16,25.78239,3.86026,0,0,0,0,0
,2011-04-14,16,11.84842,-0.06843,0,0,0,0,0
,2011-04-15,16,0.86182,-3.07989,0,0,0,0,0
,2011-04-16,16,1.11505,-2.76555,0,0,0,0,0
,2011-04-17,16,5.10932,3.08692,0,0,0,0,0
,2011-04-18,16,7.95919,5.57707,0,0,0,0,0
,2011-04-19,16,2.52513,4.76273,0,0,0,0,0
,2011-04-20,16,4.95256,0.37707,0,0,0,0,0
,2011-04-21,16,4.7362,1.44304,0,0,0,0,0
,2011-04-22,16,1.98748,3.41765,0,0,0,0,0
,2011-04-23,16,7.35694,-0.55162,0,0,0,0,0
,2011-04-24,16,9.38173,-2.9922,0,0,0,0,0
,2011-04-25,16,4.22993,-0.21393,0,0,0,0,0
,2011-04-26,16,0.81881,0.52707,0,0,0,0,0
,2011-04-27,16,0.80494,-0.8967,0,0,0,0,0
,2011-04-28,16,0.02097,-1.79178,0,0,0,0,0
,2011-04-29,16,2.00505,3.38199,0,0,0,0,0
,2011-04-30,16,0.53039,-0.67743,0,0,0,0,0
,2011-05-01,16,1.69339,-4.47497,0,0,0,0,0
,2011-05-02,16,0.15669,-4.73193,0,0,0,0,0
,2011-05-03,16,0.00299,-3.64628,0,0,0,0,0
,2011-05-04,16,0.06019,3.84388,0,0,0,0,0
,2011-05-05,16,0.3528,2.78649,0,0,0,0,0
,2011-05-06,16,0.00937,4.58199,0,0,0,0,0
,2011-05-07,16,0,9.40372,0,0,0,0,0
,2011-05-08,16,0,10.68938,0,0,0,0,0
,2011-05-09,16,0,12.10576,0,0,0,0,0
,2011-05-10,16,6.42333,8.39634,0,0,0,0,0
,2011-05-11,16,26.33377,5.75084,0,0,0,0,0
,2011-05-12,16,2.69476,-0.15654,0,0,0,0,0
,2011-05-13,16,0.07646,1.64346,0,0,0,0,0
,2011-05-14,16,7.18934,5.73157,0,0,0,0,0
,2011-05-15,16,1.95559,0.06477,0,0,0,0,0
,2011-05-16,16,0.04707,-0.02089,0,0,0,0,0
,2011-05-17,16,0.44191,6.791,0,0,0,0,0
,2011-05-18,16,29.4639,5.45534,0,0,0,0,0
,2011-05-19,16,14.76888,0.83157,0,0,0,0,0
,2011-05-20,16,3.74868,0.52665,0,0,0,0,0
,2011-05-21,16,5.75857,2.58896,0,0,0,0,0
,2011-05-22,16,0.21486,3.53938,0,0,0,0,0
,2011-05-23,16,4.6029,8.54388,0,0,0,0,0
,2011-05-24,16,3.10228,7.37461,0,0,0,0,0
,2011-05-25,16,0.14436,3.41026,0,0,0,0,0
,2011-05-26,16,0.024,5.77707,0,0,0,0,0
,2011-05-27,16,1.49412,8.4578,0,0,0,0,0
,2011-05-28,16,0.27913,6.47953,0,0,0,0,0
,2011-05-29,16,0.0064,6.57911,0,0,0,0,0
,2011-05-30,16,0,9.53649,0,0,0,0,0
,2011-05-31,16,0,5.22953,0,0,0,0,0
,2011-06-01,16,0,8.85126,0,0,0,0,0
,2011-06-02,16,0,12.98692,0,0,0,0,0
,2011-06-03,16,0,12.40372,0,0,0,0,0
,2011-06-04,16,0,9.02011,0,0,0,0,0
,2011-06-05,16,0,10.33938,0,0,0,0,0
,2011-06-06,16,0,13.69922,0,0,0,0,0
,2011-06-07,16,0,14.90618,0,0,0,0,0
,2011-06-08,16,0.78283,11.38241,0,0,0,0,0
,2011-06-09,16,0.02838,9.90126,0,0,0,0,0
,2011-06-10,16,0.0002,9.61231,0,0,0,0,0
,2011-06-11,16,0,9.19142,0,0,0,0,0
,2011-06-12,16,0,11.02503,0,0,0,0,0
,2011-06-13,16,0,12.58241,0,0,0,0,0
,2011-06-14,16,0,11.8898,0,0,0,0,0
,2011-06-15,16,0,10.38487,0,0,0,0,0
,2011-06-16,16,0.3975,12.22545,0,0,0,0,0
,2011-06-17,16,0.81182,13.65372,0,0,0,0,0
,2011-06-18,16,0.02139,8.90822,0,0,0,0,0
,2011-06-19,16,27.03011,11.18692,0,0,0,0,0
,2011-06-20,16,9.83554,9.47461,0,0,0,0,0
,2011-06-21,16,0.2433,6.90084,0,0,0,0,0
,2011-06-22,16,0,10.18938,0,0,0,0,0
,2011-06-23,16,0,12.61807,0,0,0,0,0
,2011-06-24,16,0,15.07749,0,0,0,0,0
,2011-06-25,16,0,15.45822,0,0,0,0,0
,2011-06-26,16,0,15.23692,0,0,0,0,0
,2011-06-27,16,0,15.47257,0,0,0,0,0
,2011-06-28,16,0,11.86765,0,0,0,0,0
,2011-06-29,16,1.08672,16.72053,0,0,0,0,0
,2011-06-30,16,3.50122,18.23199,0,0,0,0,0
,2011-07-01,16,0.09235,14.57995,0,0,0,0,0
,2011-07-02,16,0,14.70822,0,0,0,0,0
,2011-07-03,16,0.82064,15.46765,0,0,0,0,0
,2011-07-04,16,0.02191,17.49184,0,0,0,0,0
,2011-07-05,16,3.73131,18.77749,0,0,0,0,0
,2011-07-06,16,0.27797,15.97257,0,0,0,0,0
,2011-07-07,16,14.76802,15.62011,0,0,0,0,0
,2011-07-08,16,0.9741,15.27257,0,0,0,0,0
,2011-07-09,16,1.68253,15.90126,0,0,0,0,0
,2011-07-10,16,9.09875,15.57257,0,0,0,0,0
,2011-07-11,16,8.05164,15.19634,0,0,0,0,0
,2011-07-12,16,12.33433,15.10372,0,0,0,0,0
,2011-07-13,16,2.59607,13.73938,0,0,0,0,0
,2011-07-14,16,3.97434,15.04388,0,0,0,0,0
,2011-07-15,16,3.8918,15.70576,0,0,0,0,0
,2011-07-16,16,5.69209,16.22995,0,0,0,0,0
,2011-07-17,16,16.94777,17.27503,0,0,0,0,0
,2011-07-18,16,0.9447,17.64676,0,0,0,0,0
,2011-07-19,16,8.3421,17.80372,0,0,0,0,0
,2011-07-20,16,0.56108,17.9988,0,0,0,0,0
,2011-07-21,16,0.00904,17.27503,0,0,0,0,0
,2011-07-22,16,0,17.00126,0,0,0,0,0
,2011-07-23,16,0,17.66111,0,0,0,0,0
,2011-07-24,16,0,18.35372,0,0,0,0,0
,2011-07-25,16,0,18.26315,0,0,0,0,0
,2011-07-26,16,1.39594,18.96315,0,0,0,0,0
,2011-07-27,16,2.10462,17.44142,0,0,0,0,0
,2011-07-28,16,0.65404,15.78938,0,0,0,0,0
,2011-07-29,16,0.03826,15.47503,0,0,0,0,0
,2011-07-30,16,0.00059,16.16561,0,0,0,0,0
,2011-07-31,16,1.7453,18.27053,0,0,0,0,0
,2011-08-01,16,0.71417,18.42995,0,0,0,0,0
,2011-08-02,16,14.0907,18.31765,0,0,0,0,0
,2011-08-03,16,0.89854,15.58896,0,0,0,0,0
,2011-08-04,16,0.24416,15.7988,0,0,0,0,0
,2011-08-05,16,0.00614,16.31273,0,0,0,0,0
,2011-08-06,16,0,17.09634,0,0,0,0,0
,2011-08-07,16,0,17.11807,0,0,0,0,0
,2011-08-08,16,0,17.12299,0,0,0,0,0
,2011-08-09,16,0,16.16807,0,0,0,0,0
,2011-08-10,16,0,15.87749,0,0,0,0,0
,2011-08-11,16,0,15.04388,0,0,0,0,0
,2011-08-12,16,0,16.89922,0,0,0,0,0
,2011-08-13,16,0,15.6988,0,0,0,0,0
,2011-08-14,16,2.12492,16.0488,0,0,0,0,0
,2011-08-15,16,0.05672,16.3988,0,0,0,0,0
,2011-08-16,16,2.45768,17.74388,0,0,0,0,0
,2011-08-17,16,0.06561,15.30822,0,0,0,0,0
,2011-08-18,16,0,16.79184,0,0,0,0,0
,2011-08-19,16,4.71465,18.82299,0,0,0,0,0
,2011-08-20,16,0.12585,16.43896,0,0,0,0,0
,2011-08-21,16,3.72418,15.5488,0,0,0,0,0
,2011-08-22,16,1.21054,16.62995,0,0,0,0,0
,2011-08-23,16,0.02967,18.18241,0,0,0,0,0
,2011-08-24,16,1.01703,19.13241,0,0,0,0,0
,2011-08-25,16,1.40538,18.33241,0,0,0,0,0
,2011-08-26,16,0.52194,19.07503,0,0,0,0,0
,2011-08-27,16,1.29132,16.81807,0,0,0,0,0
,2011-08-28,16,4.91864,17.88938,0,0,0,0,0
,2011-08-29,16,0.69593,17.20576,0,0,0,0,0
,2011-08-30,16,0.01504,14.56315,0,0,0,0,0
,2011-08-31,16,0,16.86315,0,0,0,0,0
,2011-09-01,16,0,18.54634,0,0,0,0,0
,2011-09-02,16,0,17.96765,0,0,0,0,0
,2011-09-03,16,0,15.07011,0,0,0,0,0
,2011-09-04,16,0,8.42707,0,0,0,0,0
,2011-09-05,16,0,9.2533,0,0,0,0,0
,2011-09-06,16,13.22214,13.86357,0,0,0,0,0
,2011-09-07,16,10.78625,10.39142,0,0,0,0,0
,2011-09-08,16,0.27851,6.01969,0,0,0,0,0
,2011-09-09,16,0,8.52257,0,0,0,0,0
,2011-09-10,16,0,8.90126,0,0,0,0,0
,2011-09-11,16,0,9.81315,0,0,0,0,0
,2011-09-12,16,0,11.78241,0,0,0,0,0
,2011-09-13,16,0,12.43199,0,0,0,0,0
,2011-09-14,16,15.96001,10.59634,0,0,0,0,0
,2011-09-15,16,3.29174,6.43403,0,0,0,0,0
,2011-09-16,16,0.07653,5.73896,0,0,0,0,0
,2011-09-17,16,1.01055,9.53445,0,0,0,0,0
,2011-09-18,16,0.02698,7.89634,0,0,0,0,0
,2011-09-19,16,0,9.25822,0,0,0,0,0
,2011-09-20,16,0,11.47461,0,0,0,0,0
,2011-09-21,16,1.70865,7.98854,0,0,0,0,0
,2011-09-22,16,0.04561,5.84346,0,0,0,0,0
,2011-09-23,16,0,9.83896,0,0,0,0,0
,2011-09-24,16,0,13.31315,0,0,0,0,0
,2011-09-25,16,0,13.82749,0,0,0,0,0
,2011-09-26,16,0,13.93938,0,0,0,0,0
,2011-09-27,16,0,13.5943,0,0,0,0,0
,2011-09-28,16,0,13.15618,0,0,0,0,0
,2011-09-29,16,0,13.97503,0,0,0,0,0
,2011-09-30,16,0,7.07707,0,0,0,0,0
,2011-10-01,16,0,11.9488,0,0,0,0,0
,2011-10-02,16,0,13.22749,0,0,0,0,0
,2011-10-03,16,0,12.57749,0,0,0,0,0
,2011-10-04,16,0,11.46807,0,0,0,0,0
,2011-10-05,16,0,11.52257,0,0,0,0,0
,2011-10-06,16,1.96811,9.54142,0,0,0,0,0
,2011-10-07,16,2.33107,5.19388,0,0,0,0,0
,2011-10-08,16,7.06698,1.82257,0,0,0,0,0
,2011-10-09,16,0.71689,-1.53481,0,0,0,0,0
,2011-10-10,16,0.01414,-0.15366,0,0,0,0,0
,2011-10-11,16,1.47718,4.22953,0,0,0,0,0
,2011-10-12,16,0.44316,5.28692,0,0,0,0,0
,2011-10-13,16,0.01078,5.00126,0,0,0,0,0
,2011-10-14,16,0,8.40576,0,0,0,0,0
,2011-10-15,16,0,9.39592,0,0,0,0,0
,2011-10-16,16,0.32816,11.69838,0,0,0,0,0
,2011-10-17,16,1.33422,9.65288,0,0,0,0,0
,2011-10-18,16,0.03538,2.49838,0,0,0,0,0
,2011-10-19,16,0,1.2033,0,0,0,0,0
,2011-10-20,16,0,5.02665,0,0,0,0,0
,2011-10-21,16,0,7.32503,0,0,0,0,0
,2011-10-22,16,0,7.33692,0,0,0,0,0
,2011-10-23,16,0,7.10822,0,0,0,0,0
,2011-10-24,16,0,8.01561,0,0,0,0,0
,2011-10-25,16,25.86778,9.85372,0,0,0,0,0
,2011-10-26,16,8.47903,2.24346,0,0,0,0,0
,2011-10-27,16,0.20791,-8.86351,0,0,0,0,0
,2011-10-28,16,0.50663,-4.6467,0,0,0,0,0
,2011-10-29,16,0.01352,-1.7967,0,0,0,0,0
,2011-10-30,16,0,1.71765,0,0,0,0,0
,2011-10-31,16,0,3.42215,0,0,0,0,0
,2011-11-01,16,16.6256,6.01765,0,0,0,0,0
,2011-11-02,16,3.6572,-0.41885,0,0,0,0,0
,2011-11-03,16,0.08578,-7.17047,0,0,0,0,0
,2011-11-04,16,0,0.21561,0,0,0,0,0
,2011-11-05,16,0,5.99142,0,0,0,0,0
,2011-11-06,16,0.02315,0.60822,0,0,0,0,0
,2011-11-07,16,0.00062,-5.08193,0,0,0,0,0
,2011-11-08,16,0,-4.79874,0,0,0,0,0
,2011-11-09,16,0,-5.6557,0,0,0,0,0
,2011-11-10,16,0,-4.56801,0,0,0,0,0
,2011-11-11,16,0,1.0488,0,0,0,0,0
,2011-11-12,16,1.39231,3.66807,0,0,0,0,0
,2011-11-13,16,4.82137,1.11807,0,0,0,0,0
,2011-11-14,16,0.94971,-1.39382,0,0,0,0,0
,2011-11-15,16,0.17829,-1.39382,0,0,0,0,0
,2011-11-16,16,0.00418,-3.47539,0,0,0,0,0
,2011-11-17,16,0.58543,-6.67989,0,0,0,0,0
,2011-11-18,16,0.58063,-0.20816,0,0,0,0,0
,2011-11-19,16,2.19105,2.66273,0,0,0,0,0
,2011-11-20,16,0.90544,-3.18974,0,0,0,0,0
,2011-11-21,16,0.16276,-1.29262,0,0,0,0,0
,2011-11-22,16,0.00375,0.80822,0,0,0,0,0
,2011-11-23,16,0,0.74184,0,0,0,0,0
,2011-11-24,16,0,4.30618,0,0,0,0,0
,2011-11-25,16,1.97584,5.59634,0,0,0,0,0
,2011-11-26,16,0.90009,-3.34424,0,0,0,0,0
,2011-11-27,16,0.02262,-6.73481,0,0,0,0,0
,2011-11-28,16,0,3.06765,0,0,0,0,0
,2011-11-29,16,0,2.1033,0,0,0,0,0
,2011-11-30,16,5.47562,1.31273,0,0,0,0,0
,2011-12-01,16,7.91177,0.88199,0,0,0,0,0
,2011-12-02,16,5.67695,-10.79466,0,0,0,0,0
,2011-12-03,16,3.98261,-4.47743,0,0,0,0,0
,2011-12-04,16,5.10551,-12.5422,0,0,0,0,0
,2011-12-05,16,0.13355,-14.77539,0,0,0,0,0
,2011-12-06,16,1.90096,-17.88974,0,0,0,0,0
,2011-12-07,16,0.05074,-9.81597,0,0,0,0,0
,2011-12-08,16,0.69379,-2.109,0,0,0,0,0
,2011-12-09,16,0.01852,-5.54916,0,0,0,0,0
,2011-12-10,16,0,-4.41843,0,0,0,0,0
,2011-12-11,16,0,-2.46308,0,0,0,0,0
,2011-12-12,16,0,-0.77047,0,0,0,0,0
,2011-12-13,16,0.02315,-3.74424,0,0,0,0,0
,2011-12-14,16,0.00062,-1.98235,0,0,0,0,0
,2011-12-15,16,0,-4.56308,0,0,0,0,0
,2011-12-16,16,0,-5.7967,0,0,0,0,0
,2011-12-17,16,0,-3.8967,0,0,0,0,0
,2011-12-18,16,0,1.96273,0,0,0,0,0
,2011-12-19,16,0.52381,2.62953,0,0,0,0,0
,2011-12-20,16,0.01398,-7.11597,0,0,0,0,0
,2011-12-21,16,17.65064,-3.89178,0,0,0,0,0
,2011-12-22,16,3.65793,-5.55858,0,0,0,0,0
,2011-12-23,16,0.10784,-14.11801,0,0,0,0,0
,2011-12-24,16,0.00062,-6.68685,0,0,0,0,0
,2011-12-25,16,0.52532,-4.01513,0,0,0,0,0
,2011-12-26,16,0.01402,-1.6512,0,0,0,0,0
,2011-12-27,16,0,-0.73727,0,0,0,0,0
,2011-12-28,16,0.12478,-1.1512,0,0,0,0,0
,2011-12-29,16,1.76997,-0.51062,0,0,0,0,0
,2011-12-30,16,0.8648,0.48938,0,0,0,0,0
,2011-12-31,16,0.05872,2.5443,0,0,0,0,0
,2012-01-01,16,0.49644,-2.97047,0,0,0,0,0
,2012-01-02,16,0.01323,-2.51351,0,0,0,0,0
,2012-01-03,16,0,0.95576,0,0,0,0,0
,2012-01-04,16,0,2.06519,0,0,0,0,0
,2012-01-05,16,0,4.27215,0,0,0,0,0
,2012-01-06,16,0,5.75822,0,0,0,0,0
,2012-01-07,16,6.3206,-1.96801,0,0,0,0,0
,2012-01-08,16,0.16872,-6.63481,0,0,0,0,0
,2012-01-09,16,0,-8.51513,0,0,0,0,0
,2012-01-10,16,0.83835,-0.92497,0,0,0,0,0
,2012-01-11,16,3.40031,0.84184,0,0,0,0,0
,2012-01-12,16,0.66394,-11.02089,0,0,0,0,0
,2012-01-13,16,0.01532,-8.92701,0,0,0,0,0
,2012-01-14,16,0.66886,-5.28889,0,0,0,0,0
,2012-01-15,16,0.01785,0.65864,0,0,0,0,0
,2012-01-16,16,2.34684,0.5033,0,0,0,0,0
,2012-01-17,16,0.06265,-8.56801,0,0,0,0,0
,2012-01-18,16,2.30429,-12.78439,0,0,0,0,0
,2012-01-19,16,6.39832,-4.67947,0,0,0,0,0
,2012-01-20,16,3.33402,2.04676,0,0,0,0,0
,2012-01-21,16,0.24338,-1.22497,0,0,0,0,0
,2012-01-22,16,0.04594,2.42257,0,0,0,0,0
,2012-01-23,16,0.63332,-5.03685,0,0,0,0,0
,2012-01-24,16,0.39953,-2.22497,0,0,0,0,0
,2012-01-25,16,0.93357,-5.52047,0,0,0,0,0
,2012-01-26,16,1.33649,0.51765,0,0,0,0,0
,2012-01-27,16,0.10645,-0.42251,0,0,0,0,0
,2012-01-28,16,0.70318,-8.24916,0,0,0,0,0
,2012-01-29,16,0.01872,-7.33193,0,0,0,0,0
,2012-01-30,16,0,-0.85816,0,0,0,0,0
,2012-01-31,16,0,1.01068,0,0,0,0,0
,2012-02-01,16,0,-1.61555,0,0,0,0,0
,2012-02-02,16,17.36485,-1.62497,0,0,0,0,0
,2012-02-03,16,15.45441,-3.73235,0,0,0,0,0
,2012-02-04,16,0.40014,-8.57293,0,0,0,0,0
,2012-02-05,16,0,-9.72293,0,0,0,0,0
,2012-02-06,16,3.36868,-7.86062,0,0,0,0,0
,2012-02-07,16,0.58882,-8.77701,0,0,0,0,0
,2012-02-08,16,0.76856,-11.22785,0,0,0,0,0
,2012-02-09,16,0.86194,-3.47047,0,0,0,0,0
,2012-02-10,16,4.20418,-4.30858,0,0,0,0,0
,2012-02-11,16,0.29199,-6.50696,0,0,0,0,0
,2012-02-12,16,1.1371,-7.24304,0,0,0,0,0
,2012-02-13,16,0.25021,-2.12743,0,0,0,0,0
,2012-02-14,16,0.00588,-4.18235,0,0,0,0,0
,2012-02-15,16,0,-3.84424,0,0,0,0,0
,2012-02-16,16,0.68713,-6.91597,0,0,0,0,0
,2012-02-17,16,0.06882,-5.56555,0,0,0,0,0
,2012-02-18,16,0.00135,-6.10366,0,0,0,0,0
,2012-02-19,16,0,-5.35366,0,0,0,0,0
,2012-02-20,16,0.02084,-3.29178,0,0,0,0,0
,2012-02-21,16,2.70262,-8.76759,0,0,0,0,0
,2012-02-22,16,8.77108,-5.32947,0,0,0,0,0
,2012-02-23,16,7.1147,-0.90612,0,0,0,0,0
,2012-02-24,16,1.09782,-8.55408,0,0,0,0,0
,2012-02-25,16,0.0244,-7.34874,0,0,0,0,0
,2012-02-26,16,0.02084,-2.07989,0,0,0,0,0
,2012-02-27,16,0.64163,-10.61759,0,0,0,0,0
,2012-02-28,16,2.33864,-5.09178,0,0,0,0,0
,2012-02-29,16,1.78918,-4.80366,0,0,0,0,0
,2012-03-01,16,0.43774,-4.45816,0,0,0,0,0
,2012-03-02,16,0.87252,-7.72047,0,0,0,0,0
,2012-03-03,16,2.1188,-11.27497,0,0,0,0,0
,2012-03-04,16,0.15275,-8.81759,0,0,0,0,0
,2012-03-05,16,0.0026,-0.30816,0,0,0,0,0
,2012-03-06,16,0,3.4033,0,0,0,0,0
,2012-03-07,16,0,3.9078,0,0,0,0,0
,2012-03-08,16,0,-4.07827,0,0,0,0,0
,2012-03-09,16,0,-4.16801,0,0,0,0,0
,2012-03-10,16,0,0.04676,0,0,0,0,0
,2012-03-11,16,0,3.31807,0,0,0,0,0
,2012-03-12,16,0,2.93692,0,0,0,0,0
,2012-03-13,16,0,4.70822,0,0,0,0,0
,2012-03-14,16,0,6.21765,0,0,0,0,0
,2012-03-15,16,0,6.67461,0,0,0,0,0
,2012-03-16,16,0,6.50576,0,0,0,0,0
,2012-03-17,16,0,7.27011,0,0,0,0,0
,2012-03-18,16,0,7.46765,0,0,0,0,0
,2012-03-19,16,0,2.2033,0,0,0,0,0
,2012-03-20,16,0.02778,-4.68235,0,0,0,0,0
,2012-03-21,16,0.00074,-3.81801,0,0,0,0,0
,2012-03-22,16,0,2.5533,0,0,0,0,0
,2012-03-23,16,0,4.99388,0,0,0,0,0
,2012-03-24,16,0,9.04388,0,0,0,0,0
,2012-03-25,16,0,7.67953,0,0,0,0,0
,2012-03-26,16,0,8.94634,0,0,0,0,0
,2012-03-27,16,0,8.13199,0,0,0,0,0
,2012-03-28,16,0,5.78199,0,0,0,0,0
,2012-03-29,16,0,7.5033,0,0,0,0,0
,2012-03-30,16,0,6.88692,0,0,0,0,0
,2012-03-31,16,0,8.9488,0,0,0,0,0
,2012-04-01,16,0,11.00576,0,0,0,0,0
,2012-04-02,16,10.17001,10.02707,0,0,0,0,0
,2012-04-03,16,10.32364,-1.35408,0,0,0,0,0
,2012-04-04,16,0.26834,-2.99712,0,0,0,0,0
,2012-04-05,16,0,2.7078,0,0,0,0,0
,2012-04-06,16,0,5.94388,0,0,0,0,0
,2012-04-07,16,0,4.39388,0,0,0,0,0
,2012-04-08,16,0,1.44388,0,0,0,0,0
,2012-04-09,16,0,6.11273,0,0,0,0,0
,2012-04-10,16,0,6.87215,0,0,0,0,0
,2012-04-11,16,5.05991,8.36519,0,0,0,0,0
,2012-04-12,16,0.13507,7.81969,0,0,0,0,0
,2012-04-13,16,0,3.18445,0,0,0,0,0
,2012-04-14,16,7.20031,2.30576,0,0,0,0,0
,2012-04-15,16,3.91078,1.41273,0,0,0,0,0
,2012-04-16,16,1.06527,-0.90162,0,0,0,0,0
,2012-04-17,16,0.04642,0.00576,0,0,0,0,0
,2012-04-18,16,1.49756,4.92953,0,0,0,0,0
,2012-04-19,16,1.83643,6.57707,0,0,0,0,0
,2012-04-20,16,0.04795,3.86519,0,0,0,0,0
,2012-04-21,16,0,4.6033,0,0,0,0,0
,2012-04-22,16,0,7.88896,0,0,0,0,0
,2012-04-23,16,0,8.40084,0,0,0,0,0
,2012-04-24,16,0.02084,11.26561,0,0,0,0,0
,2012-04-25,16,0.00056,12.34184,0,0,0,0,0
,2012-04-26,16,1.79176,11.56315,0,0,0,0,0
,2012-04-27,16,0.15664,10.17707,0,0,0,0,0
,2012-04-28,16,0.07004,0.43692,0,0,0,0,0
,2012-04-29,16,0.00179,0.85822,0,0,0,0,0
,2012-04-30,16,0,3.16519,0,0,0,0,0
,2012-05-01,16,0,6.97257,0,0,0,0,0
,2012-05-02,16,0.06251,8.27257,0,0,0,0,0
,2012-05-03,16,0.00167,8.18445,0,0,0,0,0
,2012-05-04,16,0,10.13199,0,0,0,0,0
,2012-05-05,16,0,13.1033,0,0,0,0,0
,2012-05-06,16,14.08112,9.54838,0,0,0,0,0
,2012-05-07,16,7.77961,3.40084,0,0,0,0,0
,2012-05-08,16,0.19765,-0.14466,0,0,0,0,0
,2012-05-09,16,0,2.22011,0,0,0,0,0
,2012-05-10,16,0.70654,8.61068,0,0,0,0,0
,2012-05-11,16,5.02258,10.28445,0,0,0,0,0
,2012-05-12,16,3.03836,0.16231,0,0,0,0,0
,2012-05-13,16,0.43854,2.991,0,0,0,0,0
,2012-05-14,16,0.00964,3.67707,0,0,0,0,0
,2012-05-15,16,0,7.21315,0,0,0,0,0
,2012-05-16,16,0.18162,10.37749,0,0,0,0,0
,2012-05-17,16,0.05682,12.00126,0,0,0,0,0
,2012-05-18,16,0.37806,11.21315,0,0,0,0,0
,2012-05-19,16,7.65331,10.48199,0,0,0,0,0
,2012-05-20,16,0.20403,3.16969,0,0,0,0,0
,2012-05-21,16,0,7.13199,0,0,0,0,0
,2012-05-22,16,0,12.02053,0,0,0,0,0
,2012-05-23,16,9.7911,13.81561,0,0,0,0,0
,2012-05-24,16,1.91583,5.42461,0,0,0,0,0
,2012-05-25,16,0.04416,3.50126,0,0,0,0,0
,2012-05-26,16,0,6.08199,0,0,0,0,0
,2012-05-27,16,0,11.99388,0,0,0,0,0
,2012-05-28,16,0,6.97011,0,0,0,0,0
,2012-05-29,16,0,7.18199,0,0,0,0,0
,2012-05-30,16,0,9.08199,0,0,0,0,0
,2012-05-31,16,0,10.12011,0,0,0,0,0
,2012-06-01,16,0,9.09838,0,0,0,0,0
,2012-06-02,16,1.40919,12.49634,0,0,0,0,0
,2012-06-03,16,0.09689,12.90576,0,0,0,0,0
,2012-06-04,16,0.00159,15.45126,0,0,0,0,0
,2012-06-05,16,0,15.89184,0,0,0,0,0
,2012-06-06,16,0.47552,14.3943,0,0,0,0,0
,2012-06-07,16,0.01275,13.96273,0,0,0,0,0
,2012-06-08,16,0,13.66068,0,0,0,0,0
,2012-06-09,16,0,15.22503,0,0,0,0,0
,2012-06-10,16,0,18.04796,0,0,0,0,0
,2012-06-11,16,0,10.12707,0,0,0,0,0
,2012-06-12,16,0,10.23896,0,0,0,0,0
,2012-06-13,16,0,12.78241,0,0,0,0,0
,2012-06-14,16,0.28853,15.73487,0,0,0,0,0
,2012-06-15,16,0.0077,14.7988,0,0,0,0,0
,2012-06-16,16,0,14.36273,0,0,0,0,0
,2012-06-17,16,0,11.57503,0,0,0,0,0
,2012-06-18,16,0,17.4443,0,0,0,0,0
,2012-06-19,16,0,20.82503,0,0,0,0,0
,2012-06-20,16,0,17.8033,0,0,0,0,0
,2012-06-21,16,0,10.61765,0,0,0,0,0
,2012-06-22,16,0,13.77953,0,0,0,0,0
,2012-06-23,16,0,19.05414,0,0,0,0,0
,2012-06-24,16,0,22.0033,0,0,0,0,0
,2012-06-25,16,0,20.56315,0,0,0,0,0
,2012-06-26,16,0.0594,20.75618,0,0,0,0,0
,2012-06-27,16,2.19668,21.66068,0,0,0,0,0
,2012-06-28,16,4.3327,17.92503,0,0,0,0,0
,2012-06-29,16,0.11409,17.58241,0,0,0,0,0
,2012-06-30,16,0,18.77053,0,0,0,0,0
,2012-07-01,16,0,18.72749,0,0,0,0,0
,2012-07-02,16,2.02759,19.46807,0,0,0,0,0
,2012-07-03,16,0.14681,19.32257,0,0,0,0,0
,2012-07-04,16,0.00247,17.86561,0,0,0,0,0
,2012-07-05,16,9.10844,19.07749,0,0,0,0,0
,2012-07-06,16,51.41809,18.39142,0,0,0,0,0
,2012-07-07,16,24.39319,14.58199,0,0,0,0,0
,2012-07-08,16,15.61343,12.34388,0,0,0,0,0
,2012-07-09,16,0.74646,11.98896,0,0,0,0,0
,2012-07-10,16,0.00924,12.2988,0,0,0,0,0
,2012-07-11,16,4.51454,13.46315,0,0,0,0,0
,2012-07-12,16,1.02274,15.21807,0,0,0,0,0
,2012-07-13,16,0.02408,16.90126,0,0,0,0,0
,2012-07-14,16,0,17.23241,0,0,0,0,0
,2012-07-15,16,4.00522,17.35372,0,0,0,0,0
,2012-07-16,16,14.18022,17.98896,0,0,0,0,0
,2012-07-17,16,0.46416,15.5988,0,0,0,0,0
,2012-07-18,16,0.00238,16.33692,0,0,0,0,0
,2012-07-19,16,0,17.2443,0,0,0,0,0
,2012-07-20,16,0.44404,18.70372,0,0,0,0,0
,2012-07-21,16,0.27884,19.50618,0,0,0,0,0
,2012-07-22,16,3.01482,18.92749,0,0,0,0,0
,2012-07-23,16,13.83747,17.21315,0,0,0,0,0
,2012-07-24,16,7.10231,17.23938,0,0,0,0,0
,2012-07-25,16,0.17979,16.63938,0,0,0,0,0
,2012-07-26,16,0,15.33445,0,0,0,0,0
,2012-07-27,16,4.53054,16.33692,0,0,0,0,0
,2012-07-28,16,2.33025,15.94634,0,0,0,0,0
,2012-07-29,16,8.09017,17.29142,0,0,0,0,0
,2012-07-30,16,16.39249,16.29634,0,0,0,0,0
,2012-07-31,16,0.43186,15.28445,0,0,0,0,0
,2012-08-01,16,3.56054,17.45618,0,0,0,0,0
,2012-08-02,16,4.40134,17.50576,0,0,0,0,0
,2012-08-03,16,0.11495,17.79388,0,0,0,0,0
,2012-08-04,16,0,16.36519,0,0,0,0,0
,2012-08-05,16,0,13.36519,0,0,0,0,0
,2012-08-06,16,1.84233,16.65126,0,0,0,0,0
,2012-08-07,16,0.29354,18.7488,0,0,0,0,0
,2012-08-08,16,0.00653,17.12749,0,0,0,0,0
,2012-08-09,16,0,16.9943,0,0,0,0,0
,2012-08-10,16,1.80324,17.59634,0,0,0,0,0
,2012-08-11,16,3.06025,17.80576,0,0,0,0,0
,2012-08-12,16,0.08041,14.60126,0,0,0,0,0
,2012-08-13,16,0,13.50372,0,0,0,0,0
,2012-08-14,16,0.00742,13.27995,0,0,0,0,0
,2012-08-15,16,0.0002,16.90864,0,0,0,0,0
,2012-08-16,16,2.14248,15.34388,0,0,0,0,0
,2012-08-17,16,0.05719,12.82173,0,0,0,0,0
,2012-08-18,16,0,15.25084,0,0,0,0,0
,2012-08-19,16,0,11.7988,0,0,0,0,0
,2012-08-20,16,2.00086,12.8488,0,0,0,0,0
,2012-08-21,16,0.05341,13.22749,0,0,0,0,0
,2012-08-22,16,2.97578,14.59184,0,0,0,0,0
,2012-08-23,16,1.15877,15.35126,0,0,0,0,0
,2012-08-24,16,5.18422,13.00126,0,0,0,0,0
,2012-08-25,16,0.13762,14.60372,0,0,0,0,0
,2012-08-26,16,0.44899,14.22257,0,0,0,0,0
,2012-08-27,16,0.27138,16.50168,0,0,0,0,0
,2012-08-28,16,0.00692,17.63241,0,0,0,0,0
,2012-08-29,16,2.05059,18.40126,0,0,0,0,0
,2012-08-30,16,1.44219,18.65372,0,0,0,0,0
,2012-08-31,16,0.03704,16.62503,0,0,0,0,0
,2012-09-01,16,0.02169,15.85618,0,0,0,0,0
,2012-09-02,16,0.00058,16.54184,0,0,0,0,0
,2012-09-03,16,0.36796,16.62257,0,0,0,0,0
,2012-09-04,16,0.00982,14.68241,0,0,0,0,0
,2012-09-05,16,0,14.25126,0,0,0,0,0
,2012-09-06,16,1.50619,12.66315,0,0,0,0,0
,2012-09-07,16,4.07135,14.66315,0,0,0,0,0
,2012-09-08,16,0.10761,8.27461,0,0,0,0,0
,2012-09-09,16,0,10.34388,0,0,0,0,0
,2012-09-10,16,0,13.07995,0,0,0,0,0
,2012-09-11,16,10.57634,17.36519,0,0,0,0,0
,2012-09-12,16,7.90536,14.22707,0,0,0,0,0
,2012-09-13,16,0.29657,5.43649,0,0,0,0,0
,2012-09-14,16,0.00248,7.64142,0,0,0,0,0
,2012-09-15,16,0,9.28487,0,0,0,0,0
,2012-09-16,16,0,13.02299,0,0,0,0,0
,2012-09-17,16,0.59654,12.34184,0,0,0,0,0
,2012-09-18,16,0.01592,7.23896,0,0,0,0,0
,2012-09-19,16,0,11.20084,0,0,0,0,0
,2012-09-20,16,0,12.21315,0,0,0,0,0
,2012-09-21,16,0.26641,11.76807,0,0,0,0,0
,2012-09-22,16,0.00711,11.42257,0,0,0,0,0
,2012-09-23,16,0,11.07011,0,0,0,0,0
,2012-09-24,16,0,13.21357,0,0,0,0,0
,2012-09-25,16,14.74464,10.87503,0,0,0,0,0
,2012-09-26,16,9.41609,7.41561,0,0,0,0,0
,2012-09-27,16,2.23342,5.77953,0,0,0,0,0
,2012-09-28,16,0.05317,6.06765,0,0,0,0,0
,2012-09-29,16,0,7.69634,0,0,0,0,0
,2012-09-30,16,0.45227,9.75372,0,0,0,0,0
,2012-10-01,16,0.01207,9.58692,0,0,0,0,0
,2012-10-02,16,0,7.81765,0,0,0,0,0
,2012-10-03,16,0,12.69634,0,0,0,0,0
,2012-10-04,16,1.04138,7.92953,0,0,0,0,0
,2012-10-05,16,1.12873,2.23319,0,0,0,0,0
,2012-10-06,16,0.55586,0.16435,0,0,0,0,0
,2012-10-07,16,0.35147,-4.33523,0,0,0,0,0
,2012-10-08,16,0.00901,-1.32293,0,0,0,0,0
,2012-10-09,16,0,6.6533,0,0,0,0,0
,2012-10-10,16,0,4.21885,0,0,0,0,0
,2012-10-11,16,0.02778,7.70042,0,0,0,0,0
,2012-10-12,16,1.90141,7.91927,0,0,0,0,0
,2012-10-13,16,1.21493,6.97911,0,0,0,0,0
,2012-10-14,16,0.03108,3.80576,0,0,0,0,0
,2012-10-15,16,0,5.77953,0,0,0,0,0
,2012-10-16,16,3.04788,9.4988,0,0,0,0,0
,2012-10-17,16,0.41372,6.46315,0,0,0,0,0
,2012-10-18,16,0.00888,-0.53932,0,0,0,0,0
,2012-10-19,16,0,2.75372,0,0,0,0,0
,2012-10-20,16,0,8.02011,0,0,0,0,0
,2012-10-21,16,0,10.68199,0,0,0,0,0
,2012-10-22,16,0,7.92461,0,0,0,0,0
,2012-10-23,16,0,8.16231,0,0,0,0,0
,2012-10-24,16,12.58616,7.41765,0,0,0,0,0
,2012-10-25,16,9.08883,-0.19958,0,0,0,0,0
,2012-10-26,16,1.50165,-5.40408,0,0,0,0,0
,2012-10-27,16,0.73201,-6.57293,0,0,0,0,0
,2012-10-28,16,0.49829,-3.24178,0,0,0,0,0
,2012-10-29,16,0.0128,2.29142,0,0,0,0,0
,2012-10-30,16,0,6.67953,0,0,0,0,0
,2012-10-31,16,0,6.94388,0,0,0,0,0
,2012-11-01,16,0,7.17257,0,0,0,0,0
,2012-11-02,16,0,6.62995,0,0,0,0,0
,2012-11-03,16,0,3.74388,0,0,0,0,0
,2012-11-04,16,0,3.12461,0,0,0,0,0
,2012-11-05,16,0,4.36519,0,0,0,0,0
,2012-11-06,16,0,5.12461,0,0,0,0,0
,2012-11-07,16,0,7.07011,0,0,0,0,0
,2012-11-08,16,0,8.96068,0,0,0,0,0
,2012-11-09,16,0.45578,4.7578,0,0,0,0,0
,2012-11-10,16,2.39655,6.18199,0,0,0,0,0
,2012-11-11,16,0.14699,-4.47293,0,0,0,0,0
,2012-11-12,16,1.49313,-10.78439,0,0,0,0,0
,2012-11-13,16,0.0398,-4.86759,0,0,0,0,0
,2012-11-14,16,0,-1.84874,0,0,0,0,0
,2012-11-15,16,0,0.73692,0,0,0,0,0
,2012-11-16,16,0.55884,-1.109,0,0,0,0,0
,2012-11-17,16,0.04733,3.56315,0,0,0,0,0
,2012-11-18,16,0.00087,3.1488,0,0,0,0,0
,2012-11-19,16,0,2.42011,0,0,0,0,0
,2012-11-20,16,0,2.78199,0,0,0,0,0
,2012-11-21,16,0,5.58896,0,0,0,0,0
,2012-11-22,16,0,6.6988,0,0,0,0,0
,2012-11-23,16,0,0.27911,0,0,0,0,0
,2012-11-24,16,0.0301,0.71927,0,0,0,0,0
,2012-11-25,16,0.0008,5.1488,0,0,0,0,0
,2012-11-26,16,0,2.56026,0,0,0,0,0
,2012-11-27,16,0,-2.84958,0,0,0,0,0
,2012-11-28,16,0,2.46765,0,0,0,0,0
,2012-11-29,16,0,3.31068,0,0,0,0,0
,2012-11-30,16,0,4.52257,0,0,0,0,0
,2012-12-01,16,0,4.53445,0,0,0,0,0
,2012-12-02,16,0,4.16068,0,0,0,0,0
,2012-12-03,16,0,5.53199,0,0,0,0,0
,2012-12-04,16,0,0.02953,0,0,0,0,0
,2012-12-05,16,0,0.60822,0,0,0,0,0
,2012-12-06,16,0.73169,5.90372,0,0,0,0,0
,2012-12-07,16,3.6145,0.02461,0,0,0,0,0
,2012-12-08,16,7.58142,-2.08235,0,0,0,0,0
,2012-12-09,16,2.81508,-7.97251,0,0,0,0,0
,2012-12-10,16,2.01512,-14.54178,0,0,0,0,0
,2012-12-11,16,1.09392,-11.42005,0,0,0,0,0
,2012-12-12,16,0.02782,-8.45612,0,0,0,0,0
,2012-12-13,16,0,-1.13932,0,0,0,0,0
,2012-12-14,16,0.02547,-1.09628,0,0,0,0,0
,2012-12-15,16,0.00068,-2.16555,0,0,0,0,0
,2012-12-16,16,0,-4.72293,0,0,0,0,0
,2012-12-17,16,9.63851,-6.5012,0,0,0,0,0
,2012-12-18,16,6.57889,-5.37005,0,0,0,0,0
,2012-12-19,16,3.48821,-6.86104,0,0,0,0,0
,2012-12-20,16,2.3339,-13.84424,0,0,0,0,0
,2012-12-21,16,0.05994,-7.72455,0,0,0,0,0
,2012-12-22,16,0.29563,-0.31555,0,0,0,0,0
,2012-12-23,16,0.00789,0.73403,0,0,0,0,0
,2012-12-24,16,4.33541,-3.19916,0,0,0,0,0
,2012-12-25,16,0.23197,-7.49016,0,0,0,0,0
,2012-12-26,16,0.0031,-12.69958,0,0,0,0,0
,2012-12-27,16,0.86286,-6.50654,0,0,0,0,0
,2012-12-28,16,0.02303,-11.21104,0,0,0,0,0
,2012-12-29,16,0,-11.79916,0,0,0,0,0
,2012-12-30,16,0,-5.91351,0,0,0,0,0
,2012-12-31,16,0,-5.6922,0,0,0,0,0
,2013-01-01,16,0,-12.42539,0,0,0,0,0
,2013-01-02,16,0,-11.70858,0,0,0,0,0
,2013-01-03,16,0.05556,-11.80816,0,0,0,0,0
,2013-01-04,16,0.6008,-9.33193,0,0,0,0,0
,2013-01-05,16,0.016,-3.63932,0,0,0,0,0
,2013-01-06,16,0.59932,-5.1012,0,0,0,0,0
,2013-01-07,16,0.016,-1.78685,0,0,0,0,0
,2013-01-08,16,0,0.92461,0,0,0,0,0
,2013-01-09,16,0,-2.22497,0,0,0,0,0
,2013-01-10,16,0,1.92461,0,0,0,0,0
,2013-01-11,16,0.23012,0.48938,0,0,0,0,0
,2013-01-12,16,0.05481,-10.02785,0,0,0,0,0
,2013-01-13,16,1.14806,-17.33031,0,0,0,0,0
,2013-01-14,16,0.03061,-19.7967,0,0,0,0,0
,2013-01-15,16,0,-19.15858,0,0,0,0,0
,2013-01-16,16,0,-11.23481,0,0,0,0,0
,2013-01-17,16,0,-2.64424,0,0,0,0,0
,2013-01-18,16,0,-2.51062,0,0,0,0,0
,2013-01-19,16,0,0.23692,0,0,0,0,0
,2013-01-20,16,0,0.72953,0,0,0,0,0
,2013-01-21,16,0,-1.31351,0,0,0,0,0
,2013-01-22,16,0,-1.52047,0,0,0,0,0
,2013-01-23,16,0,3.12749,0,0,0,0,0
,2013-01-24,16,0.06482,4.9533,0,0,0,0,0
,2013-01-25,16,0.00173,3.5488,0,0,0,0,0
,2013-01-26,16,1.51106,2.51765,0,0,0,0,0
,2013-01-27,16,0.11442,2.39592,0,0,0,0,0
,2013-01-28,16,3.77184,1.00576,0,0,0,0,0
,2013-01-29,16,0.29558,-3.32293,0,0,0,0,0
,2013-01-30,16,3.9029,-12.0512,0,0,0,0,0
,2013-01-31,16,2.04029,-10.40816,0,0,0,0,0
,2013-02-01,16,1.05851,-5.16062,0,0,0,0,0
,2013-02-02,16,0.6385,-4.09874,0,0,0,0,0
,2013-02-03,16,0.01633,-1.74628,0,0,0,0,0
,2013-02-04,16,0,0.33445,0,0,0,0,0
,2013-02-05,16,0,-1.32251,0,0,0,0,0
,2013-02-06,16,0.18578,1.31765,0,0,0,0,0
,2013-02-07,16,0.02584,-1.97293,0,0,0,0,0
,2013-02-08,16,0.00056,-4.28235,0,0,0,0,0
,2013-02-09,16,0.68887,-2.0512,0,0,0,0,0
,2013-02-10,16,1.66404,-6.12539,0,0,0,0,0
,2013-02-11,16,0.13461,-10.08727,0,0,0,0,0
,2013-02-12,16,0.56374,-12.55612,0,0,0,0,0
,2013-02-13,16,0.01498,-8.05858,0,0,0,0,0
,2013-02-14,16,4.37915,-5.7012,0,0,0,0,0
,2013-02-15,16,1.46513,-7.70654,0,0,0,0,0
,2013-02-16,16,0.03599,-8.26801,0,0,0,0,0
,2013-02-17,16,0,-2.36759,0,0,0,0,0
,2013-02-18,16,0.02084,-2.03932,0,0,0,0,0
,2013-02-19,16,0.00056,-9.05612,0,0,0,0,0
,2013-02-20,16,4.51038,-4.83769,0,0,0,0,0
,2013-02-21,16,1.49743,-5.49712,0,0,0,0,0
,2013-02-22,16,0.03675,-8.99712,0,0,0,0,0
,2013-02-23,16,3.95257,-8.16104,0,0,0,0,0
,2013-02-24,16,10.39623,-4.83685,0,0,0,0,0
,2013-02-25,16,1.54848,-12.5467,0,0,0,0,0
,2013-02-26,16,3.73916,-7.97785,0,0,0,0,0
,2013-02-27,16,0.39805,-8.8422,0,0,0,0,0
,2013-02-28,16,0.23367,-9.47497,0,0,0,0,0
,2013-03-01,16,0.9868,-7.73481,0,0,0,0,0
,2013-03-02,16,0.02618,-3.18932,0,0,0,0,0
,2013-03-03,16,0.98284,1.80126,0,0,0,0,0
,2013-03-04,16,3.83283,2.54388,0,0,0,0,0
,2013-03-05,16,0.88377,-7.19712,0,0,0,0,0
,2013-03-06,16,0.02087,-4.93277,0,0,0,0,0
,2013-03-07,16,0,2.22953,0,0,0,0,0
,2013-03-08,16,3.59024,2.88445,0,0,0,0,0
,2013-03-09,16,12.25263,0.91969,0,0,0,0,0
,2013-03-10,16,0.99354,-8.13727,0,0,0,0,0
,2013-03-11,16,6.84776,-5.41351,0,0,0,0,0
,2013-03-12,16,2.41532,-2.86801,0,0,0,0,0
,2013-03-13,16,0.58138,-3.25654,0,0,0,0,0
,2013-03-14,16,0.01394,3.34388,0,0,0,0,0
,2013-03-15,16,0,6.95576,0,0,0,0,0
,2013-03-16,16,0.3488,7.27953,0,0,0,0,0
,2013-03-17,16,1.74036,1.94346,0,0,0,0,0
,2013-03-18,16,1.27548,-2.83685,0,0,0,0,0
,2013-03-19,16,0.05339,-6.03193,0,0,0,0,0
,2013-03-20,16,0.75603,-4.89874,0,0,0,0,0
,2013-03-21,16,0.76846,-1.08974,0,0,0,0,0
,2013-03-22,16,13.36422,-1.51801,0,0,0,0,0
,2013-03-23,16,6.9803,-4.94466,0,0,0,0,0
,2013-03-24,16,1.28093,-14.37539,0,0,0,0,0
,2013-03-25,16,0.42644,-13.26555,0,0,0,0,0
,2013-03-26,16,1.34033,-9.7922,0,0,0,0,0
,2013-03-27,16,0.0355,-1.82047,0,0,0,0,0
,2013-03-28,16,0.06482,1.01273,0,0,0,0,0
,2013-03-29,16,0.5759,3.33199,0,0,0,0,0
,2013-03-30,16,0.01533,3.6488,0,0,0,0,0
,2013-03-31,16,0.02315,2.51765,0,0,0,0,0
,2013-04-01,16,2.47292,3.10576,0,0,0,0,0
,2013-04-02,16,9.69956,0.98854,0,0,0,0,0
,2013-04-03,16,0.25716,-1.26146,0,0,0,0,0
,2013-04-04,16,0.06714,0.84388,0,0,0,0,0
,2013-04-05,16,1.24186,5.18649,0,0,0,0,0
,2013-04-06,16,0.54801,5.96765,0,0,0,0,0
,2013-04-07,16,2.35419,3.29142,0,0,0,0,0
,2013-04-08,16,8.78804,2.5033,0,0,0,0,0
,2013-04-09,16,3.61142,0.32665,0,0,0,0,0
,2013-04-10,16,2.34015,-13.39958,0,0,0,0,0
,2013-04-11,16,1.91636,-9.859,0,0,0,0,0
,2013-04-12,16,1.04701,-1.64178,0,0,0,0,0
,2013-04-13,16,8.50198,0.79838,0,0,0,0,0
,2013-04-14,16,4.96365,2.46273,0,0,0,0,0
,2013-04-15,16,25.48987,-5.54424,0,0,0,0,0
,2013-04-16,16,5.07771,-6.92335,0,0,0,0,0
,2013-04-17,16,7.50465,-5.19262,0,0,0,0,0
,2013-04-18,16,1.29424,-11.28031,0,0,0,0,0
,2013-04-19,16,2.17749,-11.20858,0,0,0,0,0
,2013-04-20,16,1.25062,-3.22989,0,0,0,0,0
,2013-04-21,16,1.45777,1.03896,0,0,0,0,0
,2013-04-22,16,21.81463,2.0033,0,0,0,0,0
,2013-04-23,16,5.68619,-4.20162,0,0,0,0,0
,2013-04-24,16,1.1941,-7.7922,0,0,0,0,0
,2013-04-25,16,0.02826,-3.05858,0,0,0,0,0
,2013-04-26,16,0,2.47707,0,0,0,0,0
,2013-04-27,16,0,4.05822,0,0,0,0,0
,2013-04-28,16,0,6.12749,0,0,0,0,0
,2013-04-29,16,0,9.46273,0,0,0,0,0
,2013-04-30,16,15.94582,9.09142,0,0,0,0,0
,2013-05-01,16,15.97174,4.71681,0,0,0,0,0
,2013-05-02,16,2.04177,-8.76351,0,0,0,0,0
,2013-05-03,16,0.0434,-6.90612,0,0,0,0,0
,2013-05-04,16,0.1932,2.36026,0,0,0,0,0
,2013-05-05,16,1.35269,1.07953,0,0,0,0,0
,2013-05-06,16,0.03597,1.89592,0,0,0,0,0
,2013-05-07,16,2.7739,4.94142,0,0,0,0,0
,2013-05-08,16,30.23744,6.56519,0,0,0,0,0
,2013-05-09,16,8.40885,2.54388,0,0,0,0,0
,2013-05-10,16,2.07226,2.21765,0,0,0,0,0
,2013-05-11,16,0.81976,3.58692,0,0,0,0,0
,2013-05-12,16,0.02055,6.05084,0,0,0,0,0
,2013-05-13,16,0,10.42953,0,0,0,0,0
,2013-05-14,16,0.45725,13.31068,0,0,0,0,0
,2013-05-15,16,0.41363,13.72011,0,0,0,0,0
,2013-05-16,16,0.07328,10.73445,0,0,0,0,0
,2013-05-17,16,0.00167,10.92257,0,0,0,0,0
,2013-05-18,16,0,11.95618,0,0,0,0,0
,2013-05-19,16,0.14035,8.39388,0,0,0,0,0
,2013-05-20,16,1.01478,6.16068,0,0,0,0,0
,2013-05-21,16,0.02699,5.1533,0,0,0,0,0
,2013-05-22,16,3.76906,5.74388,0,0,0,0,0
,2013-05-23,16,0.10061,8.32953,0,0,0,0,0
,2013-05-24,16,0,8.03649,0,0,0,0,0
,2013-05-25,16,0.02315,11.28445,0,0,0,0,0
,2013-05-26,16,0.00062,11.94184,0,0,0,0,0
,2013-05-27,16,0,13.10126,0,0,0,0,0
,2013-05-28,16,1.26615,10.68938,0,0,0,0,0
,2013-05-29,16,2.12557,9.3488,0,0,0,0,0
,2013-05-30,16,0.94465,5.67011,0,0,0,0,0
,2013-05-31,16,0.02373,5.04634,0,0,0,0,0
,2013-06-01,16,0,5.7988,0,0,0,0,0
,2013-06-02,16,0,6.80084,0,0,0,0,0
,2013-06-03,16,0,10.27953,0,0,0,0,0
,2013-06-04,16,3.0179,12.90126,0,0,0,0,0
,2013-06-05,16,0.1738,9.83649,0,0,0,0,0
,2013-06-06,16,0.00248,6.85534,0,0,0,0,0
,2013-06-07,16,0.34984,9.74388,0,0,0,0,0
,2013-06-08,16,0.00934,11.48692,0,0,0,0,0
,2013-06-09,16,0,11.10576,0,0,0,0,0
,2013-06-10,16,0,14.77707,0,0,0,0,0
,2013-06-11,16,0,18.92995,0,0,0,0,0
,2013-06-12,16,0,18.4033,0,0,0,0,0
,2013-06-13,16,0,15.90822,0,0,0,0,0
,2013-06-14,16,0,16.32953,0,0,0,0,0
,2013-06-15,16,0,15.22011,0,0,0,0,0
,2013-06-16,16,0.01485,12.99634,0,0,0,0,0
,2013-06-17,16,1.91403,12.56068,0,0,0,0,0
,2013-06-18,16,0.06608,11.98199,0,0,0,0,0
,2013-06-19,16,0.0004,12.78199,0,0,0,0,0
,2013-06-20,16,0,14.88938,0,0,0,0,0
,2013-06-21,16,0,14.61561,0,0,0,0,0
,2013-06-22,16,0,15.46068,0,0,0,0,0
,2013-06-23,16,0,13.75822,0,0,0,0,0
,2013-06-24,16,0,12.10126,0,0,0,0,0
,2013-06-25,16,0,14.21561,0,0,0,0,0
,2013-06-26,16,0,15.38938,0,0,0,0,0
,2013-06-27,16,0.01389,17.52053,0,0,0,0,0
,2013-06-28,16,6.91409,19.64634,0,0,0,0,0
,2013-06-29,16,4.11456,18.36765,0,0,0,0,0
,2013-06-30,16,4.41867,15.43445,0,0,0,0,0
,2013-07-01,16,4.24201,13.51765,0,0,0,0,0
,2013-07-02,16,2.32875,11.83938,0,0,0,0,0
,2013-07-03,16,3.51915,12.6488,0,0,0,0,0
,2013-07-04,16,2.06274,13.8943,0,0,0,0,0
,2013-07-05,16,3.36855,15.85126,0,0,0,0,0
,2013-07-06,16,1.41869,15.53938,0,0,0,0,0
,2013-07-07,16,0.57572,16.41561,0,0,0,0,0
,2013-07-08,16,0.01443,16.86315,0,0,0,0,0
,2013-07-09,16,0,17.70618,0,0,0,0,0
,2013-07-10,16,0,17.91315,0,0,0,0,0
,2013-07-11,16,0.17149,17.32503,0,0,0,0,0
,2013-07-12,16,16.76104,19.20372,0,0,0,0,0
,2013-07-13,16,11.55332,17.69388,0,0,0,0,0
,2013-07-14,16,23.23077,16.58199,0,0,0,0,0
,2013-07-15,16,3.71245,14.00822,0,0,0,0,0
,2013-07-16,16,0.08275,13.26519,0,0,0,0,0
,2013-07-17,16,0,12.89184,0,0,0,0,0
,2013-07-18,16,10.72821,15.66068,0,0,0,0,0
,2013-07-19,16,0.28638,17.21765,0,0,0,0,0
,2013-07-20,16,0,14.31068,0,0,0,0,0
,2013-07-21,16,0,16.42011,0,0,0,0,0
,2013-07-22,16,0,18.02011,0,0,0,0,0
,2013-07-23,16,0,18.89676,0,0,0,0,0
,2013-07-24,16,3.17405,18.10126,0,0,0,0,0
,2013-07-25,16,8.76267,15.34838,0,0,0,0,0
,2013-07-26,16,1.23727,12.81765,0,0,0,0,0
,2013-07-27,16,2.29019,13.11561,0,0,0,0,0
,2013-07-28,16,1.40769,15.03403,0,0,0,0,0
,2013-07-29,16,2.51633,12.59838,0,0,0,0,0
,2013-07-30,16,0.06621,13.01765,0,0,0,0,0
,2013-07-31,16,0,15.34388,0,0,0,0,0
,2013-08-01,16,0.04584,16.17257,0,0,0,0,0
,2013-08-02,16,0.00122,16.32995,0,0,0,0,0
,2013-08-03,16,4.40823,18.01068,0,0,0,0,0
,2013-08-04,16,1.89163,16.11068,0,0,0,0,0
,2013-08-05,16,3.773,17.18938,0,0,0,0,0
,2013-08-06,16,2.20893,16.42503,0,0,0,0,0
,2013-08-07,16,0.17311,15.72749,0,0,0,0,0
,2013-08-08,16,1.90339,12.02011,0,0,0,0,0
,2013-08-09,16,5.29943,11.8533,0,0,0,0,0
,2013-08-10,16,0.63689,11.22503,0,0,0,0,0
,2013-08-11,16,0.46494,13.83938,0,0,0,0,0
,2013-08-12,16,12.49652,12.61315,0,0,0,0,0
,2013-08-13,16,7.46064,12.68692,0,0,0,0,0
,2013-08-14,16,0.54753,11.02011,0,0,0,0,0
,2013-08-15,16,0.00954,12.78692,0,0,0,0,0
,2013-08-16,16,0,15.13938,0,0,0,0,0
,2013-08-17,16,0,16.03938,0,0,0,0,0
,2013-08-18,16,0,17.63241,0,0,0,0,0
,2013-08-19,16,0,18.56315,0,0,0,0,0
,2013-08-20,16,0,17.92995,0,0,0,0,0
,2013-08-21,16,2.07392,18.85864,0,0,0,0,0
,2013-08-22,16,8.5119,17.07011,0,0,0,0,0
,2013-08-23,16,7.55205,15.1533,0,0,0,0,0
,2013-08-24,16,2.98639,15.29388,0,0,0,0,0
,2013-08-25,16,1.10287,14.71561,0,0,0,0,0
,2013-08-26,16,10.77939,14.95372,0,0,0,0,0
,2013-08-27,16,1.23958,16.71068,0,0,0,0,0
,2013-08-28,16,0.02543,16.53692,0,0,0,0,0
,2013-08-29,16,1.75852,17.31315,0,0,0,0,0
,2013-08-30,16,3.40935,17.46561,0,0,0,0,0
,2013-08-31,16,2.371,17.29184,0,0,0,0,0
,2013-09-01,16,0.60692,16.02257,0,0,0,0,0
,2013-09-02,16,0.01457,13.66519,0,0,0,0,0
,2013-09-03,16,0,16.83938,0,0,0,0,0
,2013-09-04,16,0.07872,18.88445,0,0,0,0,0
,2013-09-05,16,0.59927,17.81068,0,0,0,0,0
,2013-09-06,16,4.06067,17.80372,0,0,0,0,0
,2013-09-07,16,0.10797,17.48938,0,0,0,0,0
,2013-09-08,16,1.56934,16.80864,0,0,0,0,0
,2013-09-09,16,28.13757,15.80126,0,0,0,0,0
,2013-09-10,16,28.3871,13.77257,0,0,0,0,0
,2013-09-11,16,78.28879,10.43403,0,0,0,0,0
,2013-09-12,16,68.58314,10.34592,0,0,0,0,0
,2013-09-13,16,3.82131,10.51026,0,0,0,0,0
,2013-09-14,16,6.01229,10.96519,0,0,0,0,0
,2013-09-15,16,26.12034,11.11519,0,0,0,0,0
,2013-09-16,16,0.69122,7.39142,0,0,0,0,0
,2013-09-17,16,0.00061,10.19142,0,0,0,0,0
,2013-09-18,16,3.15825,13.68692,0,0,0,0,0
,2013-09-19,16,0.08431,12.55822,0,0,0,0,0
,2013-09-20,16,0,6.87461,0,0,0,0,0
,2013-09-21,16,0,8.66273,0,0,0,0,0
,2013-09-22,16,8.21361,12.61068,0,0,0,0,0
,2013-09-23,16,2.03892,9.53199,0,0,0,0,0
,2013-09-24,16,0.04857,4.71561,0,0,0,0,0
,2013-09-25,16,0,9.44142,0,0,0,0,0
,2013-09-26,16,0,13.0078,0,0,0,0,0
,2013-09-27,16,6.7808,8.24592,0,0,0,0,0
,2013-09-28,16,0.80761,1.61026,0,0,0,0,0
,2013-09-29,16,0.01672,3.80822,0,0,0,0,0
,2013-09-30,16,0,9.32953,0,0,0,0,0
,2013-10-01,16,0,12.77953,0,0,0,0,0
,2013-10-02,16,0.03473,9.91765,0,0,0,0,0
,2013-10-03,16,10.71919,9.40084,0,0,0,0,0
,2013-10-04,16,4.76367,6.98361,0,0,0,0,0
,2013-10-05,16,0.73826,-3.01843,0,0,0,0,0
,2013-10-06,16,0.01653,-0.09424,0,0,0,0,0
,2013-10-07,16,0,6.92215,0,0,0,0,0
,2013-10-08,16,0,10.32257,0,0,0,0,0
,2013-10-09,16,0,10.78649,0,0,0,0,0
,2013-10-10,16,0.91037,6.54838,0,0,0,0,0
,2013-10-11,16,0.7575,3.94142,0,0,0,0,0
,2013-10-12,16,0.0543,1.92953,0,0,0,0,0
,2013-10-13,16,0.12097,2.07215,0,0,0,0,0
,2013-10-14,16,2.21889,4.03403,0,0,0,0,0
,2013-10-15,16,2.78077,0.71273,0,0,0,0,0
,2013-10-16,16,0.18203,-3.96843,0,0,0,0,0
,2013-10-17,16,7.33756,-1.56801,0,0,0,0,0
,2013-10-18,16,2.31239,-0.44466,0,0,0,0,0
,2013-10-19,16,1.04576,-3.55612,0,0,0,0,0
,2013-10-20,16,2.55479,2.33692,0,0,0,0,0
,2013-10-21,16,0.06749,-1.28727,0,0,0,0,0
,2013-10-22,16,0,-0.37497,0,0,0,0,0
,2013-10-23,16,0,5.48649,0,0,0,0,0
,2013-10-24,16,0,5.14838,0,0,0,0,0
,2013-10-25,16,0,4.96231,0,0,0,0,0
,2013-10-26,16,0.03473,6.02461,0,0,0,0,0
,2013-10-27,16,0.00093,4.35084,0,0,0,0,0
,2013-10-28,16,0.07686,5.63199,0,0,0,0,0
,2013-10-29,16,5.95275,0.51885,0,0,0,0,0
,2013-10-30,16,0.34703,1.52131,0,0,0,0,0
,2013-10-31,16,0.70565,-1.2967,0,0,0,0,0
,2013-11-01,16,1.2875,-1.98193,0,0,0,0,0
,2013-11-02,16,0.03386,-0.83685,0,0,0,0,0
,2013-11-03,16,0.05093,5.16765,0,0,0,0,0
,2013-11-04,16,0.02451,1.51068,0,0,0,0,0
,2013-11-05,16,0.35556,-3.28974,0,0,0,0,0
,2013-11-06,16,0.03726,-6.0512,0,0,0,0,0
,2013-11-07,16,0.00074,-3.95324,0,0,0,0,0
,2013-11-08,16,0,2.01068,0,0,0,0,0
,2013-11-09,16,0,5.21561,0,0,0,0,0
,2013-11-10,16,0,4.84838,0,0,0,0,0
,2013-11-11,16,0.02315,6.07011,0,0,0,0,0
,2013-11-12,16,0.00062,3.47707,0,0,0,0,0
,2013-11-13,16,0,2.52461,0,0,0,0,0
,2013-11-14,16,0,6.17011,0,0,0,0,0
,2013-11-15,16,0.48834,2.58199,0,0,0,0,0
,2013-11-16,16,5.84613,2.25126,0,0,0,0,0
,2013-11-17,16,2.88647,-1.11308,0,0,0,0,0
,2013-11-18,16,0.0729,-2.8057,0,0,0,0,0
,2013-11-19,16,0.20755,2.71068,0,0,0,0,0
,2013-11-20,16,2.30183,3.07503,0,0,0,0,0
,2013-11-21,16,1.67997,-0.37335,0,0,0,0,0
,2013-11-22,16,5.00139,-10.46435,0,0,0,0,0
,2013-11-23,16,1.49888,-6.03031,0,0,0,0,0
,2013-11-24,16,0.03648,-5.92335,0,0,0,0,0
,2013-11-25,16,0,-1.88277,0,0,0,0,0
,2013-11-26,16,0,-4.12047,0,0,0,0,0
,2013-11-27,16,0,-2.04424,0,0,0,0,0
,2013-11-28,16,0,2.16068,0,0,0,0,0
,2013-11-29,16,0,0.63649,0,0,0,0,0
,2013-11-30,16,0,2.9488,0,0,0,0,0
,2013-12-01,16,0.39989,1.44142,0,0,0,0,0
,2013-12-02,16,0.92789,-0.81062,0,0,0,0,0
,2013-12-03,16,5.56328,0.83938,0,0,0,0,0
,2013-12-04,16,2.57556,-8.82785,0,0,0,0,0
,2013-12-05,16,3.37605,-19.44262,0,0,0,0,0
,2013-12-06,16,0.8441,-17.92869,0,0,0,0,0
,2013-12-07,16,0.53368,-19.09754,0,0,0,0,0
,2013-12-08,16,0.35994,-13.55246,0,0,0,0,0
,2013-12-09,16,0.41944,-15.16597,0,0,0,0,0
,2013-12-10,16,1.55227,-16.20366,0,0,0,0,0
,2013-12-11,16,0.0615,-8.95366,0,0,0,0,0
,2013-12-12,16,0.00056,-5.52089,0,0,0,0,0
,2013-12-13,16,0,2.11765,0,0,0,0,0
,2013-12-14,16,0,-3.03481,0,0,0,0,0
,2013-12-15,16,0,-5.32047,0,0,0,0,0
,2013-12-16,16,0,-1.23193,0,0,0,0,0
,2013-12-17,16,0,2.05822,0,0,0,0,0
,2013-12-18,16,0,2.87257,0,0,0,0,0
,2013-12-19,16,0,3.83199,0,0,0,0,0
,2013-12-20,16,0,-1.27827,0,0,0,0,0
,2013-12-21,16,0.04267,-6.11393,0,0,0,0,0
,2013-12-22,16,2.20953,-8.18974,0,0,0,0,0
,2013-12-23,16,4.10939,-9.16555,0,0,0,0,0
,2013-12-24,16,2.96247,-5.92293,0,0,0,0,0
,2013-12-25,16,0.80788,-5.42251,0,0,0,0,0
,2013-12-26,16,0.01953,-5.46801,0,0,0,0,0
,2013-12-27,16,0,-0.46308,0,0,0,0,0
,2013-12-28,16,2.11789,2.9533,0,0,0,0,0
,2013-12-29,16,0.05654,-3.36351,0,0,0,0,0
,2013-12-30,16,0.37035,-9.08727,0,0,0,0,0
,2013-12-31,16,1.22643,-4.33439,0,0,0,0,0
,2014-01-01,16,3.46591,-1.04628,0,0,0,0,0
,2014-01-02,16,0.09165,-5.90858,0,0,0,0,0
,2014-01-03,16,3.35245,-2.17497,0,0,0,0,0
,2014-01-04,16,7.94331,-0.42785,0,0,0,0,0
,2014-01-05,16,3.09393,-11.04508,0,0,0,0,0
,2014-01-06,16,1.96558,-16.98031,0,0,0,0,0
,2014-01-07,16,1.87273,-9.02005,0,0,0,0,0
,2014-01-08,16,0.04865,-2.67251,0,0,0,0,0
,2014-01-09,16,0.43805,-4.02293,0,0,0,0,0
,2014-01-10,16,4.02652,-5.65816,0,0,0,0,0
,2014-01-11,16,2.23589,-7.61513,0,0,0,0,0
,2014-01-12,16,2.32134,-0.72701,0,0,0,0,0
,2014-01-13,16,1.69268,-4.47251,0,0,0,0,0
,2014-01-14,16,2.8387,-6.44136,0,0,0,0,0
,2014-01-15,16,0.50244,-6.04424,0,0,0,0,0
,2014-01-16,16,0.01144,-2.03193,0,0,0,0,0
,2014-01-17,16,0,-3.93439,0,0,0,0,0
,2014-01-18,16,0,-1.77251,0,0,0,0,0
,2014-01-19,16,0,0.65576,0,0,0,0,0
,2014-01-20,16,0,2.77011,0,0,0,0,0
,2014-01-21,16,0,-0.98481,0,0,0,0,0
,2014-01-22,16,1.1016,0.97257,0,0,0,0,0
,2014-01-23,16,0.6556,-5.46393,0,0,0,0,0
,2014-01-24,16,0.10237,-10.37293,0,0,0,0,0
,2014-01-25,16,0.00229,-0.1012,0,0,0,0,0
,2014-01-26,16,1.49169,3.00822,0,0,0,0,0
,2014-01-27,16,8.25297,-5.12089,0,0,0,0,0
,2014-01-28,16,2.68949,-12.55942,0,0,0,0,0
,2014-01-29,16,5.59744,-12.10612,0,0,0,0,0
,2014-01-30,16,14.01378,-2.31759,0,0,0,0,0
,2014-01-31,16,2.75261,-4.74958,0,0,0,0,0
,2014-02-01,16,0.40442,-7.90204,0,0,0,0,0
,2014-02-02,16,0.0091,-11.57335,0,0,0,0,0
,2014-02-03,16,1.63049,-9.51351,0,0,0,0,0
,2014-02-04,16,1.53358,-8.81597,0,0,0,0,0
,2014-02-05,16,1.40504,-18.05492,0,0,0,0,0
,2014-02-06,16,2.58743,-17.48812,0,0,0,0,0
,2014-02-07,16,4.93441,-12.19304,0,0,0,0,0
,2014-02-08,16,12.49149,-5.70858,0,0,0,0,0
,2014-02-09,16,9.82874,-4.26351,0,0,0,0,0
,2014-02-10,16,3.65101,-3.04712,0,0,0,0,0
,2014-02-11,16,1.35739,-4.86843,0,0,0,0,0
,2014-02-12,16,1.69124,-5.23932,0,0,0,0,0
,2014-02-13,16,9.76001,-3.4012,0,0,0,0,0
,2014-02-14,16,4.14712,0.13938,0,0,0,0,0
,2014-02-15,16,0.85666,-1.37497,0,0,0,0,0
,2014-02-16,16,1.43913,2.22707,0,0,0,0,0
,2014-02-17,16,0.03788,0.22257,0,0,0,0,0
,2014-02-18,16,0,-0.46266,0,0,0,0,0
,2014-02-19,16,0.80027,1.62707,0,0,0,0,0
,2014-02-20,16,0.95072,-2.58235,0,0,0,0,0
,2014-02-21,16,3.24164,-10.86062,0,0,0,0,0
,2014-02-22,16,5.93734,-6.16759,0,0,0,0,0
,2014-02-23,16,1.71382,-5.69178,0,0,0,0,0
,2014-02-24,16,0.04158,-2.12743,0,0,0,0,0
,2014-02-25,16,1.67039,0.17419,0,0,0,0,0
,2014-02-26,16,0.89108,-5.95696,0,0,0,0,0
,2014-02-27,16,1.16685,-1.05408,0,0,0,0,0
,2014-02-28,16,2.88443,1.3488,0,0,0,0,0
,2014-03-01,16,6.67948,-0.67785,0,0,0,0,0
,2014-03-02,16,0.17628,-4.06026,0,0,0,0,0
,2014-03-03,16,0,-3.28812,0,0,0,0,0
,2014-03-04,16,10.8604,0.82257,0,0,0,0,0
,2014-03-05,16,0.28991,0.96969,0,0,0,0,0
,2014-03-06,16,0.93268,-1.6467,0,0,0,0,0
,2014-03-07,16,16.24118,4.96765,0,0,0,0,0
,2014-03-08,16,0.43288,-3.31843,0,0,0,0,0
,2014-03-09,16,0,-2.81308,0,0,0,0,0
,2014-03-10,16,0,4.9488,0,0,0,0,0
,2014-03-11,16,4.28013,6.07953,0,0,0,0,0
,2014-03-12,16,1.44053,-6.8967,0,0,0,0,0
,2014-03-13,16,0.0354,-5.13685,0,0,0,0,0
,2014-03-14,16,0,0.6533,0,0,0,0,0
,2014-03-15,16,1.15481,1.58896,0,0,0,0,0
,2014-03-16,16,0.03083,-3.78481,0,0,0,0,0
,2014-03-17,16,1.0402,0.14142,0,0,0,0,0
,2014-03-18,16,0.6393,0.37749,0,0,0,0,0
,2014-03-19,16,0.01633,-7.33235,0,0,0,0,0
,2014-03-20,16,0,-3.02743,0,0,0,0,0
,2014-03-21,16,0.26075,1.66519,0,0,0,0,0
,2014-03-22,16,5.15538,-1.77581,0,0,0,0,0
,2014-03-23,16,1.43966,-8.03769,0,0,0,0,0
,2014-03-24,16,0.03476,-3.03439,0,0,0,0,0
,2014-03-25,16,0,-2.46393,0,0,0,0,0
,2014-03-26,16,0.53504,2.92173,0,0,0,0,0
,2014-03-27,16,3.76487,3.37707,0,0,0,0,0
,2014-03-28,16,0.09939,-1.36555,0,0,0,0,0
,2014-03-29,16,0,-2.97497,0,0,0,0,0
,2014-03-30,16,1.11389,2.03241,0,0,0,0,0
,2014-03-31,16,1.27351,3.67011,0,0,0,0,0
,2014-04-01,16,0.70625,-2.57989,0,0,0,0,0
,2014-04-02,16,11.03071,-0.9967,0,0,0,0,0
,2014-04-03,16,4.57541,-1.91104,0,0,0,0,0
,2014-04-04,16,2.44802,-4.61104,0,0,0,0,0
,2014-04-05,16,2.12381,-2.52293,0,0,0,0,0
,2014-04-06,16,0.69757,0.22953,0,0,0,0,0
,2014-04-07,16,1.17506,-1.26555,0,0,0,0,0
,2014-04-08,16,0.91352,-1.37047,0,0,0,0,0
,2014-04-09,16,0.02356,4.37953,0,0,0,0,0
,2014-04-10,16,0,8.46026,0,0,0,0,0
,2014-04-11,16,0,6.06969,0,0,0,0,0
,2014-04-12,16,5.66017,7.50576,0,0,0,0,0
,2014-04-13,16,15.44097,6.27911,0,0,0,0,0
,2014-04-14,16,0.76775,-8.02581,0,0,0,0,0
,2014-04-15,16,0.73674,-9.15858,0,0,0,0,0
,2014-04-16,16,1.33503,1.77257,0,0,0,0,0
,2014-04-17,16,0.03512,0.48403,0,0,0,0,0
,2014-04-18,16,0.39478,1.28199,0,0,0,0,0
,2014-04-19,16,8.37762,9.51519,0,0,0,0,0
,2014-04-20,16,0.81429,6.44592,0,0,0,0,0
,2014-04-21,16,0.01578,7.03896,0,0,0,0,0
,2014-04-22,16,0,5.96026,0,0,0,0,0
,2014-04-23,16,0,9.51519,0,0,0,0,0
,2014-04-24,16,0,3.0033,0,0,0,0,0
,2014-04-25,16,0,2.07953,0,0,0,0,0
,2014-04-26,16,0,7.50084,0,0,0,0,0
,2014-04-27,16,0.72196,7.52707,0,0,0,0,0
,2014-04-28,16,0.04919,-1.93235,0,0,0,0,0
,2014-04-29,16,1.89495,-2.31555,0,0,0,0,0
,2014-04-30,16,0.05056,-2.29424,0,0,0,0,0
,2014-05-01,16,0,-0.98727,0,0,0,0,0
,2014-05-02,16,0,1.22953,0,0,0,0,0
,2014-05-03,16,0,8.09634,0,0,0,0,0
,2014-05-04,16,0,11.15576,0,0,0,0,0
,2014-05-05,16,0,12.12707,0,0,0,0,0
,2014-05-06,16,0,11.19838,0,0,0,0,0
,2014-05-07,16,6.5227,9.32461,0,0,0,0,0
,2014-05-08,16,2.75584,3.8078,0,0,0,0,0
,2014-05-09,16,4.79915,1.78403,0,0,0,0,0
,2014-05-10,16,13.18024,3.74142,0,0,0,0,0
,2014-05-11,16,25.16051,5.0578,0,0,0,0,0
,2014-05-12,16,9.6918,-2.809,0,0,0,0,0
,2014-05-13,16,1.37741,-5.21104,0,0,0,0,0
,2014-05-14,16,0.03032,-3.67989,0,0,0,0,0
,2014-05-15,16,0.41115,-0.01801,0,0,0,0,0
,2014-05-16,16,7.09432,3.68649,0,0,0,0,0
,2014-05-17,16,0.1961,7.16477,0,0,0,0,0
,2014-05-18,16,0.0002,7.72911,0,0,0,0,0
,2014-05-19,16,0,11.73692,0,0,0,0,0
,2014-05-20,16,0.16566,11.04388,0,0,0,0,0
,2014-05-21,16,7.26322,8.12257,0,0,0,0,0
,2014-05-22,16,1.95323,7.99142,0,0,0,0,0
,2014-05-23,16,6.46145,8.84142,0,0,0,0,0
,2014-05-24,16,18.21556,8.10576,0,0,0,0,0
,2014-05-25,16,6.21895,7.41519,0,0,0,0,0
,2014-05-26,16,1.73215,6.00822,0,0,0,0,0
,2014-05-27,16,0.04215,8.72953,0,0,0,0,0
,2014-05-28,16,0,12.43692,0,0,0,0,0
,2014-05-29,16,0.33915,13.54184,0,0,0,0,0
,2014-05-30,16,6.94361,14.10372,0,0,0,0,0
,2014-05-31,16,2.69082,8.89388,0,0,0,0,0
,2014-06-01,16,0.06687,12.0488,0,0,0,0,0
,2014-06-02,16,0,11.5488,0,0,0,0,0
,2014-06-03,16,0,11.35822,0,0,0,0,0
,2014-06-04,16,0,13.82995,0,0,0,0,0
,2014-06-05,16,0,11.66068,0,0,0,0,0
,2014-06-06,16,0.23001,10.75822,0,0,0,0,0
,2014-06-07,16,0.07946,11.41068,0,0,0,0,0
,2014-06-08,16,3.44901,9.03157,0,0,0,0,0
,2014-06-09,16,0.09202,7.78854,0,0,0,0,0
,2014-06-10,16,0,6.94838,0,0,0,0,0
,2014-06-11,16,1.78047,13.50822,0,0,0,0,0
,2014-06-12,16,0.04753,12.38692,0,0,0,0,0
,2014-06-13,16,0,10.91026,0,0,0,0,0
,2014-06-14,16,0.02704,14.62749,0,0,0,0,0
,2014-06-15,16,0.00072,10.38157,0,0,0,0,0
,2014-06-16,16,0,9.15822,0,0,0,0,0
,2014-06-17,16,0,13.55126,0,0,0,0,0
,2014-06-18,16,3.23656,13.95126,0,0,0,0,0
,2014-06-19,16,0.0864,10.32215,0,0,0,0,0
,2014-06-20,16,0.89491,10.2033,0,0,0,0,0
,2014-06-21,16,0.02389,13.34184,0,0,0,0,0
,2014-06-22,16,0.44453,13.78241,0,0,0,0,0
,2014-06-23,16,0.11109,12.2033,0,0,0,0,0
,2014-06-24,16,0.00265,11.98649,0,0,0,0,0
,2014-06-25,16,0,12.66765,0,0,0,0,0
,2014-06-26,16,0,15.03199,0,0,0,0,0
,2014-06-27,16,2.03702,16.31068,0,0,0,0,0
,2014-06-28,16,0.05438,12.61519,0,0,0,0,0
,2014-06-29,16,0,12.22503,0,0,0,0,0
,2014-06-30,16,0,17.2533,0,0,0,0,0
,2014-07-01,16,0,14.57011,0,0,0,0,0
,2014-07-02,16,0,10.81519,0,0,0,0,0
,2014-07-03,16,1.76742,13.15576,0,0,0,0,0
,2014-07-04,16,2.17473,16.23938,0,0,0,0,0
,2014-07-05,16,0.49683,16.93445,0,0,0,0,0
,2014-07-06,16,1.08432,17.22995,0,0,0,0,0
,2014-07-07,16,1.65108,18.2443,0,0,0,0,0
,2014-07-08,16,1.29057,18.6988,0,0,0,0,0
,2014-07-09,16,2.69129,13.36315,0,0,0,0,0
,2014-07-10,16,0.69999,17.29184,0,0,0,0,0
,2014-07-11,16,4.83706,18.41519,0,0,0,0,0
,2014-07-12,16,6.16205,17.23896,0,0,0,0,0
,2014-07-13,16,0.54427,14.56519,0,0,0,0,0
,2014-07-14,16,0.88404,13.91315,0,0,0,0,0
,2014-07-15,16,5.57361,13.62011,0,0,0,0,0
,2014-07-16,16,7.93968,14.37215,0,0,0,0,0
,2014-07-17,16,0.20799,11.53896,0,0,0,0,0
,2014-07-18,16,0.1782,10.83445,0,0,0,0,0
,2014-07-19,16,0.00476,16.05372,0,0,0,0,0
,2014-07-20,16,0.26532,17.77545,0,0,0,0,0
,2014-07-21,16,0.00708,19.36561,0,0,0,0,0
,2014-07-22,16,0,19.02995,0,0,0,0,0
,2014-07-23,16,0.65026,18.93692,0,0,0,0,0
,2014-07-24,16,0.01736,18.33896,0,0,0,0,0
,2014-07-25,16,1.27447,20.72011,0,0,0,0,0
,2014-07-26,16,3.59637,19.14634,0,0,0,0,0
,2014-07-27,16,1.44481,17.49634,0,0,0,0,0
,2014-07-28,16,2.10721,14.41068,0,0,0,0,0
,2014-07-29,16,23.18303,14.98445,0,0,0,0,0
,2014-07-30,16,20.21983,13.12011,0,0,0,0,0
,2014-07-31,16,1.32578,8.78403,0,0,0,0,0
,2014-08-01,16,0.02141,9.88938,0,0,0,0,0
,2014-08-02,16,0,10.89184,0,0,0,0,0
,2014-08-03,16,0,12.5943,0,0,0,0,0
,2014-08-04,16,2.63285,14.8443,0,0,0,0,0
,2014-08-05,16,2.0271,15.16561,0,0,0,0,0
,2014-08-06,16,0.05224,14.06519,0,0,0,0,0
,2014-08-07,16,1.45314,15.30822,0,0,0,0,0
,2014-08-08,16,0.03879,13.15576,0,0,0,0,0
,2014-08-09,16,0.16953,13.78938,0,0,0,0,0
,2014-08-10,16,11.00732,14.23938,0,0,0,0,0
,2014-08-11,16,0.29371,11.6488,0,0,0,0,0
,2014-08-12,16,0,12.82995,0,0,0,0,0
,2014-08-13,16,0.49451,15.58241,0,0,0,0,0
,2014-08-14,16,6.50445,16.82749,0,0,0,0,0
,2014-08-15,16,2.30099,15.51519,0,0,0,0,0
,2014-08-16,16,0.05673,16.94142,0,0,0,0,0
,2014-08-17,16,0,16.95372,0,0,0,0,0
,2014-08-18,16,0,17.04922,0,0,0,0,0
,2014-08-19,16,1.59144,15.98938,0,0,0,0,0
,2014-08-20,16,0.39267,15.48938,0,0,0,0,0
,2014-08-21,16,1.26846,15.12503,0,0,0,0,0
,2014-08-22,16,7.78484,15.23896,0,0,0,0,0
,2014-08-23,16,1.7333,11.40084,0,0,0,0,0
,2014-08-24,16,0.3668,11.36765,0,0,0,0,0
,2014-08-25,16,2.04284,11.97257,0,0,0,0,0
,2014-08-26,16,8.74428,11.9533,0,0,0,0,0
,2014-08-27,16,1.64815,12.57707,0,0,0,0,0
,2014-08-28,16,0.91425,11.60084,0,0,0,0,0
,2014-08-29,16,2.45243,9.60822,0,0,0,0,0
,2014-08-30,16,1.13431,12.93445,0,0,0,0,0
,2014-08-31,16,3.41899,13.75618,0,0,0,0,0
,2014-09-01,16,0.11829,10.76765,0,0,0,0,0
,2014-09-02,16,0.01695,10.94388,0,0,0,0,0
,2014-09-03,16,0.00043,13.78199,0,0,0,0,0
,2014-09-04,16,9.48329,16.96315,0,0,0,0,0
,2014-09-05,16,1.95669,12.56231,0,0,0,0,0
,2014-09-06,16,0.1799,8.20042,0,0,0,0,0
,2014-09-07,16,0.20231,10.55084,0,0,0,0,0
,2014-09-08,16,1.95335,12.6443,0,0,0,0,0
,2014-09-09,16,3.95774,13.14184,0,0,0,0,0
,2014-09-10,16,1.27792,11.09388,0,0,0,0,0
,2014-09-11,16,4.14756,9.47953,0,0,0,0,0
,2014-09-12,16,1.29618,5.06885,0,0,0,0,0
,2014-09-13,16,0.03165,1.60984,0,0,0,0,0
,2014-09-14,16,0,10.47503,0,0,0,0,0
,2014-09-15,16,0,12.29634,0,0,0,0,0
,2014-09-16,16,0.01621,11.46969,0,0,0,0,0
,2014-09-17,16,0.00043,14.0943,0,0,0,0,0
,2014-09-18,16,0,15.17749,0,0,0,0,0
,2014-09-19,16,0,15.27995,0,0,0,0,0
,2014-09-20,16,0,15.96315,0,0,0,0,0
,2014-09-21,16,1.3779,13.78199,0,0,0,0,0
,2014-09-22,16,0.42986,10.94592,0,0,0,0,0
,2014-09-23,16,0.0105,12.17011,0,0,0,0,0
,2014-09-24,16,0,11.4988,0,0,0,0,0
,2014-09-25,16,0,13.31561,0,0,0,0,0
,2014-09-26,16,0,14.86561,0,0,0,0,0
,2014-09-27,16,0,16.33938,0,0,0,0,0
,2014-09-28,16,2.30232,13.90822,0,0,0,0,0
,2014-09-29,16,8.70962,10.12707,0,0,0,0,0
,2014-09-30,16,2.29687,5.79838,0,0,0,0,0
,2014-10-01,16,2.5968,5.18445,0,0,0,0,0
,2014-10-02,16,0.06786,3.42707,0,0,0,0,0
,2014-10-03,16,0.29331,1.96519,0,0,0,0,0
,2014-10-04,16,0.05182,3.93157,0,0,0,0,0
,2014-10-05,16,0.00117,8.32257,0,0,0,0,0
,2014-10-06,16,0,8.58692,0,0,0,0,0
,2014-10-07,16,0,10.4488,0,0,0,0,0
,2014-10-08,16,0,11.10372,0,0,0,0,0
,2014-10-09,16,20.30341,10.77503,0,0,0,0,0
,2014-10-10,16,1.72049,5.31519,0,0,0,0,0
,2014-10-11,16,0.39476,4.06273,0,0,0,0,0
,2014-10-12,16,1.18393,7.77503,0,0,0,0,0
,2014-10-13,16,0.03134,2.71273,0,0,0,0,0
,2014-10-14,16,0,1.63896,0,0,0,0,0
,2014-10-15,16,0,8.92707,0,0,0,0,0
,2014-10-16,16,0,12.78445,0,0,0,0,0
,2014-10-17,16,0,8.56969,0,0,0,0,0
,2014-10-18,16,0,6.87665,0,0,0,0,0
,2014-10-19,16,0,8.36519,0,0,0,0,0
,2014-10-20,16,0.26553,8.71068,0,0,0,0,0
,2014-10-21,16,3.13755,9.28692,0,0,0,0,0
,2014-10-22,16,1.75944,9.04388,0,0,0,0,0
,2014-10-23,16,0.06539,6.61765,0,0,0,0,0
,2014-10-24,16,0.00056,8.51765,0,0,0,0,0
,2014-10-25,16,0,11.53692,0,0,0,0,0
,2014-10-26,16,0.78214,11.28199,0,0,0,0,0
,2014-10-27,16,2.30248,8.46765,0,0,0,0,0
,2014-10-28,16,0.6172,-0.92293,0,0,0,0,0
,2014-10-29,16,0.01485,1.42953,0,0,0,0,0
,2014-10-30,16,0,5.59634,0,0,0,0,0
,2014-10-31,16,0.05788,4.05084,0,0,0,0,0
,2014-11-01,16,0.00155,4.82911,0,0,0,0,0
,2014-11-02,16,0.72591,8.81068,0,0,0,0,0
,2014-11-03,16,0.35441,5.7988,0,0,0,0,0
,2014-11-04,16,0.57602,-2.01351,0,0,0,0,0
,2014-11-05,16,0.01513,0.82257,0,0,0,0,0
,2014-11-06,16,0,4.88649,0,0,0,0,0
,2014-11-07,16,3.13058,7.35084,0,0,0,0,0
,2014-11-08,16,0.14162,4.67461,0,0,0,0,0
,2014-11-09,16,0.00155,4.26315,0,0,0,0,0
,2014-11-10,16,3.73016,8.42749,0,0,0,0,0
,2014-11-11,16,2.99148,-3.96843,0,0,0,0,0
,2014-11-12,16,4.10512,-15.68115,0,0,0,0,0
,2014-11-13,16,3.07076,-20.57869,0,0,0,0,0
,2014-11-14,16,1.62761,-11.53607,0,0,0,0,0
,2014-11-15,16,5.20443,-1.66351,0,0,0,0,0
,2014-11-16,16,0.25504,-10.42377,0,0,0,0,0
,2014-11-17,16,0.65589,-11.86801,0,0,0,0,0
,2014-11-18,16,0.01732,-9.3557,0,0,0,0,0
,2014-11-19,16,0.02315,-5.20816,0,0,0,0,0
,2014-11-20,16,0.00062,-1.20612,0,0,0,0,0
,2014-11-21,16,0,1.67461,0,0,0,0,0
,2014-11-22,16,0.91026,-0.43193,0,0,0,0,0
,2014-11-23,16,1.77737,1.24388,0,0,0,0,0
,2014-11-24,16,2.70443,-6.41308,0,0,0,0,0
,2014-11-25,16,6.67597,-8.14628,0,0,0,0,0
,2014-11-26,16,2.39367,-5.68685,0,0,0,0,0
,2014-11-27,16,0.0816,-0.75858,0,0,0,0,0
,2014-11-28,16,0.00062,4.23487,0,0,0,0,0
,2014-11-29,16,0,7.03692,0,0,0,0,0
,2014-11-30,16,0.52971,4.96068,0,0,0,0,0
,2014-12-01,16,0.01877,-2.41146,0,0,0,0,0
,2014-12-02,16,0.00012,-3.67335,0,0,0,0,0
,2014-12-03,16,0,1.78649,0,0,0,0,0
,2014-12-04,16,0,1.61477,0,0,0,0,0
,2014-12-05,16,0,2.58199,0,0,0,0,0
,2014-12-06,16,0.02084,0.35372,0,0,0,0,0
,2014-12-07,16,0.00056,1.21315,0,0,0,0,0
,2014-12-08,16,0.36668,1.06068,0,0,0,0,0
,2014-12-09,16,0.00979,2.47953,0,0,0,0,0
,2014-12-10,16,0,3.21561,0,0,0,0,0
,2014-12-11,16,0,3.96068,0,0,0,0,0
,2014-12-12,16,0,4.36561,0,0,0,0,0
,2014-12-13,16,0.02227,6.30372,0,0,0,0,0
,2014-12-14,16,5.7051,2.97011,0,0,0,0,0
,2014-12-15,16,0.2824,-3.63727,0,0,0,0,0
,2014-12-16,16,0.89762,-6.8512,0,0,0,0,0
,2014-12-17,16,0.05008,-2.78031,0,0,0,0,0
,2014-12-18,16,0.00071,-3.34424,0,0,0,0,0
,2014-12-19,16,0.36892,-4.21801,0,0,0,0,0
,2014-12-20,16,0.01216,-4.55612,0,0,0,0,0
,2014-12-21,16,14.20387,-1.76555,0,0,0,0,0
,2014-12-22,16,4.58577,-2.82047,0,0,0,0,0
,2014-12-23,16,1.14291,-7.48235,0,0,0,0,0
,2014-12-24,16,1.07686,-9.53932,0,0,0,0,0
,2014-12-25,16,9.64924,-4.53685,0,0,0,0,0
,2014-12-26,16,2.1609,-6.75162,0,0,0,0,0
,2014-12-27,16,0.67433,-14.51843,0,0,0,0,0
,2014-12-28,16,1.81565,-12.75858,0,0,0,0,0
,2014-12-29,16,3.19461,-9.5467,0,0,0,0,0
,2014-12-30,16,0.83453,-17.98523,0,0,0,0,0
,2014-12-31,16,0.24867,-21.84016,0,0,0,0,0
,2015-01-01,16,0.60312,-11.68685,0,0,0,0,0
,2015-01-02,16,0.01594,-9.28235,0,0,0,0,0
,2015-01-03,16,0.72928,-6.4012,0,0,0,0,0
,2015-01-04,16,1.82569,-7.83277,0,0,0,0,0
,2015-01-05,16,0.40003,-6.77293,0,0,0,0,0
,2015-01-06,16,0.0094,0.33199,0,0,0,0,0
,2015-01-07,16,0,1.33361,0,0,0,0,0
,2015-01-08,16,0.06143,1.22377,0,0,0,0,0
,2015-01-09,16,0.00164,-2.06351,0,0,0,0,0
,2015-01-10,16,0,-4.0422,0,0,0,0,0
,2015-01-11,16,1.54892,1.52953,0,0,0,0,0
,2015-01-12,16,0.08523,-2.08974,0,0,0,0,0
,2015-01-13,16,1.23344,-5.07581,0,0,0,0,0
,2015-01-14,16,0.08614,-6.39424,0,0,0,0,0
,2015-01-15,16,0.46774,-4.92047,0,0,0,0,0
,2015-01-16,16,0.63493,1.52707,0,0,0,0,0
,2015-01-17,16,0.82635,1.30822,0,0,0,0,0
,2015-01-18,16,0.96543,-1.9057,0,0,0,0,0
,2015-01-19,16,1.37609,2.71561,0,0,0,0,0
,2015-01-20,16,1.09138,-0.21104,0,0,0,0,0
,2015-01-21,16,6.81153,-6.28235,0,0,0,0,0
,2015-01-22,16,0.18108,-13.32743,0,0,0,0,0
,2015-01-23,16,0,-10.07947,0,0,0,0,0
,2015-01-24,16,0.92095,-2.67497,0,0,0,0,0
,2015-01-25,16,0.63256,-1.68643,0,0,0,0,0
,2015-01-26,16,0.03939,1.79388,0,0,0,0,0
,2015-01-27,16,0.00062,7.50372,0,0,0,0,0
,2015-01-28,16,0.00232,7.54388,0,0,0,0,0
,2015-01-29,16,0.00006,-0.04874,0,0,0,0,0
,2015-01-30,16,0.72683,-1.72785,0,0,0,0,0
,2015-01-31,16,2.69241,-0.58727,0,0,0,0,0
,2015-02-01,16,0.12497,-3.73277,0,0,0,0,0
,2015-02-02,16,1.18617,-7.26351,0,0,0,0,0
,2015-02-03,16,3.60316,-2.49178,0,0,0,0,0
,2015-02-04,16,18.74455,1.52257,0,0,0,0,0
,2015-02-05,16,0.5912,-4.14466,0,0,0,0,0
,2015-02-06,16,0.00253,2.32707,0,0,0,0,0
,2015-02-07,16,0,6.9988,0,0,0,0,0
,2015-02-08,16,0,6.15372,0,0,0,0,0
,2015-02-09,16,0.07888,3.27503,0,0,0,0,0
,2015-02-10,16,1.76703,4.73938,0,0,0,0,0
,2015-02-11,16,0.04711,0.22953,0,0,0,0,0
,2015-02-12,16,0,-1.36104,0,0,0,0,0
,2015-02-13,16,0,1.64388,0,0,0,0,0
,2015-02-14,16,0,4.48896,0,0,0,0,0
,2015-02-15,16,12.6453,5.96969,0,0,0,0,0
,2015-02-16,16,8.42388,-3.39958,0,0,0,0,0
,2015-02-17,16,1.68146,-10.86801,0,0,0,0,0
,2015-02-18,16,1.20501,-9.44178,0,0,0,0,0
,2015-02-19,16,0.03112,-2.16062,0,0,0,0,0
,2015-02-20,16,6.86709,2.54142,0,0,0,0,0
,2015-02-21,16,10.58593,-2.33235,0,0,0,0,0
,2015-02-22,16,3.17598,-10.61597,0,0,0,0,0
,2015-02-23,16,1.57413,-17.07089,0,0,0,0,0
,2015-02-24,16,0.03995,-9.96435,0,0,0,0,0
,2015-02-25,16,16.65352,-5.38685,0,0,0,0,0
,2015-02-26,16,3.68149,-7.55858,0,0,0,0,0
,2015-02-27,16,1.13314,-14.36639,0,0,0,0,0
,2015-02-28,16,2.5601,-13.74754,0,0,0,0,0
,2015-03-01,16,3.18621,-10.65162,0,0,0,0,0
,2015-03-02,16,3.11672,-5.78607,0,0,0,0,0
,2015-03-03,16,4.23125,-1.13073,0,0,0,0,0
,2015-03-04,16,1.35572,-9.5045,0,0,0,0,0
,2015-03-05,16,0.82767,-12.97335,0,0,0,0,0
,2015-03-06,16,0.02121,-6.54178,0,0,0,0,0
,2015-03-07,16,0,-0.3967,0,0,0,0,0
,2015-03-08,16,0,0.66068,0,0,0,0,0
,2015-03-09,16,0,-0.42293,0,0,0,0,0
,2015-03-10,16,0,1.05576,0,0,0,0,0
,2015-03-11,16,0.53106,1.9488,0,0,0,0,0
,2015-03-12,16,1.78606,4.0488,0,0,0,0,0
,2015-03-13,16,1.74212,4.87461,0,0,0,0,0
,2015-03-14,16,0.43644,-0.11555,0,0,0,0,0
,2015-03-15,16,0.03129,2.57749,0,0,0,0,0
,2015-03-16,16,0.00056,11.02011,0,0,0,0,0
,2015-03-17,16,0,8.42461,0,0,0,0,0
,2015-03-18,16,0.7498,3.98115,0,0,0,0,0
,2015-03-19,16,2.10955,4.87461,0,0,0,0,0
,2015-03-20,16,0.11818,-2.20612,0,0,0,0,0
,2015-03-21,16,0.48914,2.73938,0,0,0,0,0
,2015-03-22,16,0.01301,5.35372,0,0,0,0,0
,2015-03-23,16,2.48332,5.77707,0,0,0,0,0
,2015-03-24,16,3.63862,4.31273,0,0,0,0,0
,2015-03-25,16,4.52778,0.22503,0,0,0,0,0
,2015-03-26,16,0.9541,-2.16351,0,0,0,0,0
,2015-03-27,16,0.0223,0.31068,0,0,0,0,0
,2015-03-28,16,0.07919,6.05822,0,0,0,0,0
,2015-03-29,16,0.00211,8.79388,0,0,0,0,0
,2015-03-30,16,0,6.23896,0,0,0,0,0
,2015-03-31,16,0,7.31315,0,0,0,0,0
,2015-04-01,16,0,8.1988,0,0,0,0,0
,2015-04-02,16,13.01167,4.87461,0,0,0,0,0
,2015-04-03,16,2.44072,-2.56639,0,0,0,0,0
,2015-04-04,16,0.70472,-4.49424,0,0,0,0,0
,2015-04-05,16,0.01733,2.05534,0,0,0,0,0
,2015-04-06,16,0,6.02215,0,0,0,0,0
,2015-04-07,16,0,7.33157,0,0,0,0,0
,2015-04-08,16,0.01986,4.59346,0,0,0,0,0
,2015-04-09,16,0.14687,1.84838,0,0,0,0,0
,2015-04-10,16,0.04558,-0.82293,0,0,0,0,0
,2015-04-11,16,0.0451,1.69388,0,0,0,0,0
,2015-04-12,16,0.00117,4.95126,0,0,0,0,0
,2015-04-13,16,0,3.95084,0,0,0,0,0
,2015-04-14,16,0,5.46026,0,0,0,0,0
,2015-04-15,16,1.80501,7.57011,0,0,0,0,0
,2015-04-16,16,50.01201,1.38403,0,0,0,0,0
,2015-04-17,16,26.50461,-2.66597,0,0,0,0,0
,2015-04-18,16,6.99491,-0.90612,0,0,0,0,0
,2015-04-19,16,1.38266,-0.41801,0,0,0,0,0
,2015-04-20,16,3.94404,-1.22047,0,0,0,0,0
,2015-04-21,16,0.12464,-0.27539,0,0,0,0,0
,2015-04-22,16,0.00056,4.21273,0,0,0,0,0
,2015-04-23,16,0,5.28896,0,0,0,0,0
,2015-04-24,16,1.04093,6.66026,0,0,0,0,0
,2015-04-25,16,5.80829,5.96026,0,0,0,0,0
,2015-04-26,16,14.70174,6.08403,0,0,0,0,0
,2015-04-27,16,3.82854,0.31723,0,0,0,0,0
,2015-04-28,16,0.13581,0.87665,0,0,0,0,0
,2015-04-29,16,0.0822,2.21765,0,0,0,0,0
,2015-04-30,16,0.29049,8.8533,0,0,0,0,0
,2015-05-01,16,1.23814,10.33649,0,0,0,0,0
,2015-05-02,16,0.03285,8.09346,0,0,0,0,0
,2015-05-03,16,6.86688,9.35822,0,0,0,0,0
,2015-05-04,16,11.44227,8.80084,0,0,0,0,0
,2015-05-05,16,6.20163,4.51969,0,0,0,0,0
,2015-05-06,16,1.46983,3.92215,0,0,0,0,0
,2015-05-07,16,13.84429,5.91026,0,0,0,0,0
,2015-05-08,16,24.87618,4.96477,0,0,0,0,0
,2015-05-09,16,17.73676,2.90288,0,0,0,0,0
,2015-05-10,16,3.0206,0.25042,0,0,0,0,0
,2015-05-11,16,0.27691,-1.88031,0,0,0,0,0
,2015-05-12,16,0.92959,1.50084,0,0,0,0,0
,2015-05-13,16,1.26556,6.68199,0,0,0,0,0
,2015-05-14,16,3.22668,5.74592,0,0,0,0,0
,2015-05-15,16,4.60872,7.91519,0,0,0,0,0
,2015-05-16,16,4.17526,4.71969,0,0,0,0,0
,2015-05-17,16,3.17562,3.9533,0,0,0,0,0
,2015-05-18,16,12.21539,4.9533,0,0,0,0,0
,2015-05-19,16,16.18851,3.03607,0,0,0,0,0
,2015-05-20,16,3.18052,0.92419,0,0,0,0,0
,2015-05-21,16,2.83665,2.78115,0,0,0,0,0
,2015-05-22,16,5.69557,4.36477,0,0,0,0,0
,2015-05-23,16,7.57216,5.01477,0,0,0,0,0
,2015-05-24,16,4.26702,3.72461,0,0,0,0,0
,2015-05-25,16,1.13179,3.42707,0,0,0,0,0
,2015-05-26,16,0.3738,5.8033,0,0,0,0,0
,2015-05-27,16,0.00925,7.73649,0,0,0,0,0
,2015-05-28,16,0.42936,9.45576,0,0,0,0,0
,2015-05-29,16,1.26558,8.51026,0,0,0,0,0
,2015-05-30,16,0.14333,6.41969,0,0,0,0,0
,2015-05-31,16,0.00293,8.31273,0,0,0,0,0
,2015-06-01,16,0.13216,12.6943,0,0,0,0,0
,2015-06-02,16,0.00353,13.57749,0,0,0,0,0
,2015-06-03,16,0.56269,13.59676,0,0,0,0,0
,2015-06-04,16,3.42121,10.8988,0,0,0,0,0
,2015-06-05,16,7.45473,12.29184,0,0,0,0,0
,2015-06-06,16,2.48055,9.51315,0,0,0,0,0
,2015-06-07,16,3.71194,10.36315,0,0,0,0,0
,2015-06-08,16,0.09746,10.69634,0,0,0,0,0
,2015-06-09,16,1.19562,12.07995,0,0,0,0,0
,2015-06-10,16,1.1525,14.33734,0,0,0,0,0
,2015-06-11,16,11.20279,11.54634,0,0,0,0,0
,2015-06-12,16,0.35131,10.57461,0,0,0,0,0
,2015-06-13,16,9.42814,11.43199,0,0,0,0,0
,2015-06-14,16,0.5722,13.8943,0,0,0,0,0
,2015-06-15,16,3.15392,11.95126,0,0,0,0,0
,2015-06-16,16,3.88831,10.83896,0,0,0,0,0
,2015-06-17,16,0.11777,13.20822,0,0,0,0,0
,2015-06-18,16,0.00043,15.36765,0,0,0,0,0
,2015-06-19,16,0,14.93445,0,0,0,0,0
,2015-06-20,16,0,17.88734,0,0,0,0,0
,2015-06-21,16,0,17.35822,0,0,0,0,0
,2015-06-22,16,0,18.17995,0,0,0,0,0
,2015-06-23,16,0,16.53649,0,0,0,0,0
,2015-06-24,16,7.35434,17.98692,0,0,0,0,0
,2015-06-25,16,0.58919,16.92953,0,0,0,0,0
,2015-06-26,16,0.01049,17.38896,0,0,0,0,0
,2015-06-27,16,0,12.5488,0,0,0,0,0
,2015-06-28,16,0.94238,15.71807,0,0,0,0,0
,2015-06-29,16,0.04368,17.00126,0,0,0,0,0
,2015-06-30,16,5.50814,15.76561,0,0,0,0,0
,2015-07-01,16,1.83884,18.00372,0,0,0,0,0
,2015-07-02,16,3.64992,16.24634,0,0,0,0,0
,2015-07-03,16,0.13327,14.22011,0,0,0,0,0
,2015-07-04,16,5.9337,15.09634,0,0,0,0,0
,2015-07-05,16,11.82602,18.1988,0,0,0,0,0
,2015-07-06,16,14.44398,16.07011,0,0,0,0,0
,2015-07-07,16,12.82182,10.30534,0,0,0,0,0
,2015-07-08,16,13.13226,10.35084,0,0,0,0,0
,2015-07-09,16,8.81161,10.0078,0,0,0,0,0
,2015-07-10,16,0.63042,12.13896,0,0,0,0,0
,2015-07-11,16,1.35509,12.99388,0,0,0,0,0
,2015-07-12,16,0.03589,15.06273,0,0,0,0,0
,2015-07-13,16,5.45976,16.46519,0,0,0,0,0
,2015-07-14,16,5.26986,14.93938,0,0,0,0,0
,2015-07-15,16,0.9121,14.37257,0,0,0,0,0
,2015-07-16,16,0.02071,14.79634,0,0,0,0,0
,2015-07-17,16,0,15.81765,0,0,0,0,0
,2015-07-18,16,1.04801,15.83445,0,0,0,0,0
,2015-07-19,16,0.02798,14.99142,0,0,0,0,0
,2015-07-20,16,0.40163,13.14634,0,0,0,0,0
,2015-07-21,16,6.52857,13.67995,0,0,0,0,0
,2015-07-22,16,0.17399,13.45084,0,0,0,0,0
,2015-07-23,16,0,15.07011,0,0,0,0,0
,2015-07-24,16,0,17.1533,0,0,0,0,0
,2015-07-25,16,0,16.44142,0,0,0,0,0
,2015-07-26,16,0,17.47749,0,0,0,0,0
,2015-07-27,16,0.00742,17.0988,0,0,0,0,0
,2015-07-28,16,0.0002,17.86765,0,0,0,0,0
,2015-07-29,16,0,15.01519,0,0,0,0,0
,2015-07-30,16,0,14.47257,0,0,0,0,0
,2015-07-31,16,0.73131,16.06111,0,0,0,0,0
,2015-08-01,16,0.01952,15.90372,0,0,0,0,0
,2015-08-02,16,2.57527,17.54184,0,0,0,0,0
,2015-08-03,16,0.06874,17.24184,0,0,0,0,0
,2015-08-04,16,0,14.43692,0,0,0,0,0
,2015-08-05,16,0,15.55372,0,0,0,0,0
,2015-08-06,16,0,17.65618,0,0,0,0,0
,2015-08-07,16,0,17.31807,0,0,0,0,0
,2015-08-08,16,0,16.05126,0,0,0,0,0
,2015-08-09,16,0,15.42749,0,0,0,0,0
,2015-08-10,16,0.09141,15.51315,0,0,0,0,0
,2015-08-11,16,3.42206,14.61315,0,0,0,0,0
,2015-08-12,16,0.12138,15.92011,0,0,0,0,0
,2015-08-13,16,0.32422,17.23938,0,0,0,0,0
,2015-08-14,16,2.50255,17.75126,0,0,0,0,0
,2015-08-15,16,2.87057,17.64184,0,0,0,0,0
,2015-08-16,16,8.32219,19.21765,0,0,0,0,0
,2015-08-17,16,0.35612,15.99388,0,0,0,0,0
,2015-08-18,16,2.29612,14.60288,0,0,0,0,0
,2015-08-19,16,0.66518,10.38157,0,0,0,0,0
,2015-08-20,16,0.01611,8.27461,0,0,0,0,0
,2015-08-21,16,0,14.24184,0,0,0,0,0
,2015-08-22,16,0,16.10864,0,0,0,0,0
,2015-08-23,16,0,13.71273,0,0,0,0,0
,2015-08-24,16,0,12.37419,0,0,0,0,0
,2015-08-25,16,0,17.13938,0,0,0,0,0
,2015-08-26,16,1.20481,18.02995,0,0,0,0,0
,2015-08-27,16,1.0174,18.04184,0,0,0,0,0
,2015-08-28,16,4.13297,14.12011,0,0,0,0,0
,2015-08-29,16,0.10963,14.01068,0,0,0,0,0
,2015-08-30,16,0.00979,15.30372,0,0,0,0,0
,2015-08-31,16,0.6724,18.35126,0,0,0,0,0
,2015-09-01,16,0.01794,14.39634,0,0,0,0,0
,2015-09-02,16,0,16.26315,0,0,0,0,0
,2015-09-03,16,3.79487,17.56068,0,0,0,0,0
,2015-09-04,16,1.15604,13.42749,0,0,0,0,0
,2015-09-05,16,0.02816,14.8533,0,0,0,0,0
,2015-09-06,16,0,15.25822,0,0,0,0,0
,2015-09-07,16,2.39562,14.74388,0,0,0,0,0
,2015-09-08,16,0.06395,12.05822,0,0,0,0,0
,2015-09-09,16,0,12.62995,0,0,0,0,0
,2015-09-10,16,0,14.16807,0,0,0,0,0
,2015-09-11,16,0,12.96068,0,0,0,0,0
,2015-09-12,16,0,10.56519,0,0,0,0,0
,2015-09-13,16,0,14.67011,0,0,0,0,0
,2015-09-14,16,0,15.12299,0,0,0,0,0
,2015-09-15,16,0,15.46315,0,0,0,0,0
,2015-09-16,16,0,13.30126,0,0,0,0,0
,2015-09-17,16,0,13.29634,0,0,0,0,0
,2015-09-18,16,0,10.52707,0,0,0,0,0
,2015-09-19,16,0,7.51765,0,0,0,0,0
,2015-09-20,16,0,8.92953,0,0,0,0,0
,2015-09-21,16,0,12.92257,0,0,0,0,0
,2015-09-22,16,0,15.11561,0,0,0,0,0
,2015-09-23,16,0.18794,12.71068,0,0,0,0,0
,2015-09-24,16,0.00502,13.32257,0,0,0,0,0
,2015-09-25,16,0,12.90372,0,0,0,0,0
,2015-09-26,16,0,13.31315,0,0,0,0,0
,2015-09-27,16,0,14.94184,0,0,0,0,0
,2015-09-28,16,0.56404,15.87749,0,0,0,0,0
,2015-09-29,16,0.83304,13.81273,0,0,0,0,0
,2015-09-30,16,0.02183,12.15084,0,0,0,0,0
,2015-10-01,16,0,12.25126,0,0,0,0,0
,2015-10-02,16,3.0882,13.38199,0,0,0,0,0
,2015-10-03,16,6.79966,10.36723,0,0,0,0,0
,2015-10-04,16,0.52393,7.21969,0,0,0,0,0
,2015-10-05,16,0.25329,6.73607,0,0,0,0,0
,2015-10-06,16,7.80732,9.41519,0,0,0,0,0
,2015-10-07,16,0.64428,7.36026,0,0,0,0,0
,2015-10-08,16,1.09176,8.56068,0,0,0,0,0
,2015-10-09,16,0.44182,9.71068,0,0,0,0,0
,2015-10-10,16,0.01102,9.19142,0,0,0,0,0
,2015-10-11,16,0,14.47011,0,0,0,0,0
,2015-10-12,16,0,13.42707,0,0,0,0,0
,2015-10-13,16,0,11.37707,0,0,0,0,0
,2015-10-14,16,0,12.94634,0,0,0,0,0
,2015-10-15,16,0,12.53938,0,0,0,0,0
,2015-10-16,16,0,6.57215,0,0,0,0,0
,2015-10-17,16,0,8.43403,0,0,0,0,0
,2015-10-18,16,0,10.47749,0,0,0,0,0
,2015-10-19,16,0.62405,10.88445,0,0,0,0,0
,2015-10-20,16,14.22491,7.86315,0,0,0,0,0
,2015-10-21,16,10.57522,7.33199,0,0,0,0,0
,2015-10-22,16,17.82465,2.08157,0,0,0,0,0
,2015-10-23,16,3.21761,2.00534,0,0,0,0,0
,2015-10-24,16,0.0734,2.26519,0,0,0,0,0
,2015-10-25,16,0,3.58445,0,0,0,0,0
,2015-10-26,16,0,6.50126,0,0,0,0,0
,2015-10-27,16,2.6655,4.97707,0,0,0,0,0
,2015-10-28,16,0.07115,1.54142,0,0,0,0,0
,2015-10-29,16,0.31032,1.95576,0,0,0,0,0
,2015-10-30,16,1.08263,3.51969,0,0,0,0,0
,2015-10-31,16,0.07267,1.14838,0,0,0,0,0
,2015-11-01,16,0.00117,3.74184,0,0,0,0,0
,2015-11-02,16,0,7.37503,0,0,0,0,0
,2015-11-03,16,0,7.77011,0,0,0,0,0
,2015-11-04,16,9.68836,8.16068,0,0,0,0,0
,2015-11-05,16,1.39067,1.93896,0,0,0,0,0
,2015-11-06,16,1.45603,-3.02743,0,0,0,0,0
,2015-11-07,16,0.76194,-4.91555,0,0,0,0,0
,2015-11-08,16,0.01933,-1.27989,0,0,0,0,0
,2015-11-09,16,0.21531,5.08692,0,0,0,0,0
,2015-11-10,16,9.57588,3.85822,0,0,0,0,0
,2015-11-11,16,3.06413,2.62707,0,0,0,0,0
,2015-11-12,16,0.11835,-4.12251,0,0,0,0,0
,2015-11-13,16,0.00117,-2.77989,0,0,0,0,0
,2015-11-14,16,0,1.35822,0,0,0,0,0
,2015-11-15,16,0,4.92257,0,0,0,0,0
,2015-11-16,16,6.45891,3.77257,0,0,0,0,0
,2015-11-17,16,0.17473,-0.86597,0,0,0,0,0
,2015-11-18,16,4.41522,-3.76308,0,0,0,0,0
,2015-11-19,16,1.83788,-3.5012,0,0,0,0,0
,2015-11-20,16,8.21784,-1.35816,0,0,0,0,0
,2015-11-21,16,1.2044,-5.97989,0,0,0,0,0
,2015-11-22,16,0.02633,-7.04628,0,0,0,0,0
,2015-11-23,16,0,1.36315,0,0,0,0,0
,2015-11-24,16,0,3.48692,0,0,0,0,0
,2015-11-25,16,1.15063,1.97995,0,0,0,0,0
,2015-11-26,16,2.31447,-2.17539,0,0,0,0,0
,2015-11-27,16,1.17463,-13.0922,0,0,0,0,0
,2015-11-28,16,0.50186,-12.76639,0,0,0,0,0
,2015-11-29,16,1.48679,-9.19262,0,0,0,0,0
,2015-11-30,16,1.17028,-9.10408,0,0,0,0,0
,2015-12-01,16,0.36724,-11.03685,0,0,0,0,0
,2015-12-02,16,0.83595,-7.61555,0,0,0,0,0
,2015-12-03,16,0.02207,-1.77989,0,0,0,0,0
,2015-12-04,16,0,-1.03932,0,0,0,0,0
,2015-12-05,16,0,3.1443,0,0,0,0,0
,2015-12-06,16,0,-2.92047,0,0,0,0,0
,2015-12-07,16,0.2902,1.23241,0,0,0,0,0
,2015-12-08,16,0.00775,3.41068,0,0,0,0,0
,2015-12-09,16,0,2.0488,0,0,0,0,0
,2015-12-10,16,0,5.11315,0,0,0,0,0
,2015-12-11,16,3.0214,2.97257,0,0,0,0,0
,2015-12-12,16,5.62041,-1.10858,0,0,0,0,0
,2015-12-13,16,1.09652,-7.15654,0,0,0,0,0
,2015-12-14,16,6.49956,-3.72293,0,0,0,0,0
,2015-12-15,16,7.71161,-2.76843,0,0,0,0,0
,2015-12-16,16,0.53795,-10.37785,0,0,0,0,0
,2015-12-17,16,0.28236,-10.76555,0,0,0,0,0
,2015-12-18,16,1.15414,-11.3467,0,0,0,0,0
,2015-12-19,16,0.96374,-3.51308,0,0,0,0,0
,2015-12-20,16,0.10806,2.95576,0,0,0,0,0
,2015-12-21,16,2.49641,-1.19178,0,0,0,0,0
,2015-12-22,16,6.63356,-3.73685,0,0,0,0,0
,2015-12-23,16,2.60449,-4.11555,0,0,0,0,0
,2015-12-24,16,0.86926,-9.23193,0,0,0,0,0
,2015-12-25,16,3.18248,-11.50816,0,0,0,0,0
,2015-12-26,16,0.08438,-9.3967,0,0,0,0,0
,2015-12-27,16,0.49977,-15.11759,0,0,0,0,0
,2015-12-28,16,0.01334,-11.18481,0,0,0,0,0
,2015-12-29,16,0,-7.66801,0,0,0,0,0
,2015-12-30,16,0,-10.70366,0,0,0,0,0
,2015-12-31,16,0,-11.34916,0,0,0,0,0
,2016-01-01,16,0,-13.75816,0,0,0,0,0
,2016-01-02,16,1.1975,-9.59136,0,0,0,0,0
,2016-01-03,16,0.03197,-5.00816,0,0,0,0,0
,2016-01-04,16,0,-0.30366,0,0,0,0,0
,2016-01-05,16,0,-0.26062,0,0,0,0,0
,2016-01-06,16,0,-0.66555,0,0,0,0,0
,2016-01-07,16,2.43715,-2.11801,0,0,0,0,0
,2016-01-08,16,0.48169,-3.80858,0,0,0,0,0
,2016-01-09,16,0.49782,-9.88727,0,0,0,0,0
,2016-01-10,16,0.01299,-9.63235,0,0,0,0,0
,2016-01-11,16,0.05093,-8.69916,0,0,0,0,0
,2016-01-12,16,0.00136,-5.00858,0,0,0,0,0
,2016-01-13,16,0.72522,-2.78439,0,0,0,0,0
,2016-01-14,16,0.06548,0.28692,0,0,0,0,0
,2016-01-15,16,1.3241,-4.94424,0,0,0,0,0
,2016-01-16,16,2.38462,-7.9467,0,0,0,0,0
,2016-01-17,16,3.53432,-9.40366,0,0,0,0,0
,2016-01-18,16,0.9339,-5.54916,0,0,0,0,0
,2016-01-19,16,0.02248,-1.49628,0,0,0,0,0
,2016-01-20,16,0.05093,-3.16308,0,0,0,0,0
,2016-01-21,16,0.32708,-4.96308,0,0,0,0,0
,2016-01-22,16,0.02259,-5.43727,0,0,0,0,0
,2016-01-23,16,0.00037,1.92461,0,0,0,0,0
,2016-01-24,16,0,2.48199,0,0,0,0,0
,2016-01-25,16,0.02547,-2.25366,0,0,0,0,0
,2016-01-26,16,0.84939,-7.65858,0,0,0,0,0
,2016-01-27,16,0.72262,-6.04916,0,0,0,0,0
,2016-01-28,16,0.01868,1.24592,0,0,0,0,0
,2016-01-29,16,0,1.99142,0,0,0,0,0
,2016-01-30,16,5.92203,0.0488,0,0,0,0,0
,2016-01-31,16,7.23773,-0.46104,0,0,0,0,0
,2016-02-01,16,12.05772,-7.88481,0,0,0,0,0
,2016-02-02,16,2.11378,-9.94424,0,0,0,0,0
,2016-02-03,16,1.66219,-13.80366,0,0,0,0,0
,2016-02-04,16,1.46771,-14.11308,0,0,0,0,0
,2016-02-05,16,0.04043,-9.39178,0,0,0,0,0
,2016-02-06,16,1.14489,-7.86555,0,0,0,0,0
,2016-02-07,16,0.03056,-3.0012,0,0,0,0,0
,2016-02-08,16,0,-3.87539,0,0,0,0,0
,2016-02-09,16,0,-0.43685,0,0,0,0,0
,2016-02-10,16,0.02084,2.27707,0,0,0,0,0
,2016-02-11,16,0.00056,4.7488,0,0,0,0,0
,2016-02-12,16,0,3.89634,0,0,0,0,0
,2016-02-13,16,0,4.82461,0,0,0,0,0
,2016-02-14,16,1.37599,3.27011,0,0,0,0,0
,2016-02-15,16,9.32042,-1.32251,0,0,0,0,0
,2016-02-16,16,1.16533,-1.37497,0,0,0,0,0
,2016-02-17,16,0.86838,1.03199,0,0,0,0,0
,2016-02-18,16,1.27255,6.2533,0,0,0,0,0
,2016-02-19,16,0.1073,2.91315,0,0,0,0,0
,2016-02-20,16,0.00198,1.27257,0,0,0,0,0
,2016-02-21,16,0,2.58649,0,0,0,0,0
,2016-02-22,16,13.10127,-2.04016,0,0,0,0,0
,2016-02-23,16,2.21786,-4.02047,0,0,0,0,0
,2016-02-24,16,0.15694,-6.19628,0,0,0,0,0
,2016-02-25,16,0.92153,-4.57047,0,0,0,0,0
,2016-02-26,16,0.02452,-1.71146,0,0,0,0,0
,2016-02-27,16,0,3.57707,0,0,0,0,0
,2016-02-28,16,0,3.97257,0,0,0,0,0
,2016-02-29,16,3.02548,2.62503,0,0,0,0,0
,2016-03-01,16,0.50598,-0.72989,0,0,0,0,0
,2016-03-02,16,1.69542,-1.62251,0,0,0,0,0
,2016-03-03,16,0.07483,0.52503,0,0,0,0,0
,2016-03-04,16,0.0008,2.92257,0,0,0,0,0
,2016-03-05,16,0.59142,2.10822,0,0,0,0,0
,2016-03-06,16,0.01579,3.46315,0,0,0,0,0
,2016-03-07,16,3.55655,4.60084,0,0,0,0,0
,2016-03-08,16,1.94227,-1.77743,0,0,0,0,0
,2016-03-09,16,0.91183,-3.90816,0,0,0,0,0
,2016-03-10,16,0.88018,-2.35816,0,0,0,0,0
,2016-03-11,16,0.02288,2.92011,0,0,0,0,0
,2016-03-12,16,0,6.78692,0,0,0,0,0
,2016-03-13,16,0,5.67257,0,0,0,0,0
,2016-03-14,16,5.63074,3.8533,0,0,0,0,0
,2016-03-15,16,3.58816,-1.15366,0,0,0,0,0
,2016-03-16,16,5.78044,-7.12743,0,0,0,0,0
,2016-03-17,16,18.11954,-6.98439,0,0,0,0,0
,2016-03-18,16,6.53376,-6.13277,0,0,0,0,0
,2016-03-19,16,0.2676,-10.02785,0,0,0,0,0
,2016-03-20,16,1.46436,-8.58727,0,0,0,0,0
,2016-03-21,16,0.82068,-1.53974,0,0,0,0,0
,2016-03-22,16,18.50872,7.1533,0,0,0,0,0
,2016-03-23,16,18.09276,4.16026,0,0,0,0,0
,2016-03-24,16,2.0489,-4.9922,0,0,0,0,0
,2016-03-25,16,1.7005,-2.71555,0,0,0,0,0
,2016-03-26,16,1.56286,-5.07497,0,0,0,0,0
,2016-03-27,16,1.02056,-8.83439,0,0,0,0,0
,2016-03-28,16,0.02616,-2.90816,0,0,0,0,0
,2016-03-29,16,3.95293,3.58649,0,0,0,0,0
,2016-03-30,16,3.58989,1.2578,0,0,0,0,0
,2016-03-31,16,3.08883,-3.98727,0,0,0,0,0
,2016-04-01,16,0.9974,-7.0512,0,0,0,0,0
,2016-04-02,16,0.54929,-4.39424,0,0,0,0,0
,2016-04-03,16,0.01402,2.22011,0,0,0,0,0
,2016-04-04,16,0.0301,5.31765,0,0,0,0,0
,2016-04-05,16,1.79193,6.55576,0,0,0,0,0
,2016-04-06,16,1.20103,1.93445,0,0,0,0,0
,2016-04-07,16,0.03078,3.12503,0,0,0,0,0
,2016-04-08,16,0,4.79838,0,0,0,0,0
,2016-04-09,16,0,4.33199,0,0,0,0,0
,2016-04-10,16,2.09439,7.62953,0,0,0,0,0
,2016-04-11,16,0.05606,4.72461,0,0,0,0,0
,2016-04-12,16,1.2556,2.96723,0,0,0,0,0
,2016-04-13,16,0.03352,6.65084,0,0,0,0,0
,2016-04-14,16,0.07177,7.30576,0,0,0,0,0
,2016-04-15,16,22.59714,7.86273,0,0,0,0,0
,2016-04-16,16,36.44845,-0.02785,0,0,0,0,0
,2016-04-17,16,7.40891,-3.96597,0,0,0,0,0
,2016-04-18,16,1.56727,-4.23727,0,0,0,0,0
,2016-04-19,16,1.53767,-3.71104,0,0,0,0,0
,2016-04-20,16,1.63472,-1.92047,0,0,0,0,0
,2016-04-21,16,0.04257,1.86273,0,0,0,0,0
,2016-04-22,16,0,4.86519,0,0,0,0,0
,2016-04-23,16,1.58724,8.27257,0,0,0,0,0
,2016-04-24,16,0.5117,8.62953,0,0,0,0,0
,2016-04-25,16,1.56869,2.67011,0,0,0,0,0
,2016-04-26,16,6.58465,4.96026,0,0,0,0,0
,2016-04-27,16,1.21573,0.65534,0,0,0,0,0
,2016-04-28,16,3.31465,0.32215,0,0,0,0,0
,2016-04-29,16,10.33932,-2.959,0,0,0,0,0
,2016-04-30,16,9.54687,-2.67089,0,0,0,0,0
,2016-05-01,16,1.38366,-3.10162,0,0,0,0,0
,2016-05-02,16,1.61449,-5.38481,0,0,0,0,0
,2016-05-03,16,0.04229,-0.61555,0,0,0,0,0
,2016-05-04,16,0.02084,4.72953,0,0,0,0,0
,2016-05-05,16,0.00056,8.16068,0,0,0,0,0
,2016-05-06,16,0.40504,10.8488,0,0,0,0,0
,2016-05-07,16,7.5849,10.61519,0,0,0,0,0
,2016-05-08,16,6.1137,2.71723,0,0,0,0,0
,2016-05-09,16,6.3517,3.54346,0,0,0,0,0
,2016-05-10,16,2.45964,4.55084,0,0,0,0,0
,2016-05-11,16,0.06124,3.40822,0,0,0,0,0
,2016-05-12,16,0.41035,2.82707,0,0,0,0,0
,2016-05-13,16,0.29448,6.57707,0,0,0,0,0
,2016-05-14,16,0.26257,8.56723,0,0,0,0,0
,2016-05-15,16,5.94755,7.22377,0,0,0,0,0
,2016-05-16,16,9.82816,6.48607,0,0,0,0,0
,2016-05-17,16,2.92424,0.70288,0,0,0,0,0
,2016-05-18,16,2.64109,-0.19712,0,0,0,0,0
,2016-05-19,16,0.19294,3.94142,0,0,0,0,0
,2016-05-20,16,0.00333,8.54388,0,0,0,0,0
,2016-05-21,16,0,10.58445,0,0,0,0,0
,2016-05-22,16,0,11.35822,0,0,0,0,0
,2016-05-23,16,0.49403,7.85084,0,0,0,0,0
,2016-05-24,16,0.01319,6.07707,0,0,0,0,0
,2016-05-25,16,0,6.89388,0,0,0,0,0
,2016-05-26,16,2.63643,7.17953,0,0,0,0,0
,2016-05-27,16,4.07376,5.27953,0,0,0,0,0
,2016-05-28,16,0.42094,4.99838,0,0,0,0,0
,2016-05-29,16,0.00838,7.61765,0,0,0,0,0
,2016-05-30,16,0,9.3988,0,0,0,0,0
,2016-05-31,16,1.21637,9.93445,0,0,0,0,0
,2016-06-01,16,0.03247,8.28403,0,0,0,0,0
,2016-06-02,16,0,9.32707,0,0,0,0,0
,2016-06-03,16,0,11.60618,0,0,0,0,0
,2016-06-04,16,0,12.46765,0,0,0,0,0
,2016-06-05,16,0.66114,11.45822,0,0,0,0,0
,2016-06-06,16,0.80925,12.7488,0,0,0,0,0
,2016-06-07,16,0.12533,12.9988,0,0,0,0,0
,2016-06-08,16,1.64756,13.69142,0,0,0,0,0
,2016-06-09,16,0.20882,14.23938,0,0,0,0,0
,2016-06-10,16,0.00474,15.86561,0,0,0,0,0
,2016-06-11,16,2.17865,17.05372,0,0,0,0,0
,2016-06-12,16,3.73141,16.05372,0,0,0,0,0
,2016-06-13,16,6.05689,13.54634,0,0,0,0,0
,2016-06-14,16,0.1795,10.26273,0,0,0,0,0
,2016-06-15,16,0.00056,11.37503,0,0,0,0,0
,2016-06-16,16,0,15.34634,0,0,0,0,0
,2016-06-17,16,0,16.67749,0,0,0,0,0
,2016-06-18,16,0,15.82503,0,0,0,0,0
,2016-06-19,16,0,16.62749,0,0,0,0,0
,2016-06-20,16,0.56771,19.41807,0,0,0,0,0
,2016-06-21,16,0.01515,16.17215,0,0,0,0,0
,2016-06-22,16,4.52543,20.69922,0,0,0,0,0
,2016-06-23,16,1.67102,15.74592,0,0,0,0,0
,2016-06-24,16,1.11036,16.60126,0,0,0,0,0
,2016-06-25,16,0.02773,18.18938,0,0,0,0,0
,2016-06-26,16,0.00027,15.98896,0,0,0,0,0
,2016-06-27,16,0,15.86315,0,0,0,0,0
,2016-06-28,16,0,16.35126,0,0,0,0,0
,2016-06-29,16,0.40948,16.62707,0,0,0,0,0
,2016-06-30,16,11.11579,16.71765,0,0,0,0,0
,2016-07-01,16,1.23593,13.73896,0,0,0,0,0
,2016-07-02,16,3.95908,12.92953,0,0,0,0,0
,2016-07-03,16,0.10477,12.43445,0,0,0,0,0
,2016-07-04,16,0.29372,16.10822,0,0,0,0,0
,2016-07-05,16,0.00784,17.82953,0,0,0,0,0
,2016-07-06,16,0,15.51315,0,0,0,0,0
,2016-07-07,16,0,16.66561,0,0,0,0,0
,2016-07-08,16,0,15.88199,0,0,0,0,0
,2016-07-09,16,0,16.91068,0,0,0,0,0
,2016-07-10,16,0,18.26111,0,0,0,0,0
,2016-07-11,16,0,20.15822,0,0,0,0,0
,2016-07-12,16,0,14.41315,0,0,0,0,0
,2016-07-13,16,0,15.10372,0,0,0,0,0
,2016-07-14,16,0,16.43445,0,0,0,0,0
,2016-07-15,16,0.34279,15.20822,0,0,0,0,0
,2016-07-16,16,0.00915,16.27503,0,0,0,0,0
,2016-07-17,16,0,17.65372,0,0,0,0,0
,2016-07-18,16,3.61429,17.16068,0,0,0,0,0
,2016-07-19,16,5.66678,17.40822,0,0,0,0,0
,2016-07-20,16,1.37313,18.74838,0,0,0,0,0
,2016-07-21,16,1.04543,19.2033,0,0,0,0,0
,2016-07-22,16,0.0269,18.60372,0,0,0,0,0
,2016-07-23,16,0,19.23938,0,0,0,0,0
,2016-07-24,16,0.0282,19.36561,0,0,0,0,0
,2016-07-25,16,0.00075,17.47707,0,0,0,0,0
,2016-07-26,16,0,18.55126,0,0,0,0,0
,2016-07-27,16,0,17.88445,0,0,0,0,0
,2016-07-28,16,0,18.24634,0,0,0,0,0
,2016-07-29,16,0,17.25576,0,0,0,0,0
,2016-07-30,16,0,15.76765,0,0,0,0,0
,2016-07-31,16,6.81573,17.88445,0,0,0,0,0
,2016-08-01,16,0.18194,17.67011,0,0,0,0,0
,2016-08-02,16,1.09048,18.17053,0,0,0,0,0
,2016-08-03,16,0.02911,17.1488,0,0,0,0,0
,2016-08-04,16,2.74484,18.15126,0,0,0,0,0
,2016-08-05,16,4.83582,11.89838,0,0,0,0,0
,2016-08-06,16,0.42599,10.37707,0,0,0,0,0
,2016-08-07,16,0.8332,13.89142,0,0,0,0,0
,2016-08-08,16,0.02203,16.43445,0,0,0,0,0
,2016-08-09,16,2.29632,16.86807,0,0,0,0,0
,2016-08-10,16,2.20099,17.46561,0,0,0,0,0
,2016-08-11,16,0.3957,16.55864,0,0,0,0,0
,2016-08-12,16,0.02061,15.12257,0,0,0,0,0
,2016-08-13,16,0.00031,12.91315,0,0,0,0,0
,2016-08-14,16,0,14.11561,0,0,0,0,0
,2016-08-15,16,0,15.07995,0,0,0,0,0
,2016-08-16,16,2.39119,15.93445,0,0,0,0,0
,2016-08-17,16,0.06383,15.02503,0,0,0,0,0
,2016-08-18,16,13.14093,15.50864,0,0,0,0,0
,2016-08-19,16,10.62392,13.64142,0,0,0,0,0
,2016-08-20,16,0.7977,11.3578,0,0,0,0,0
,2016-08-21,16,0.01853,10.23403,0,0,0,0,0
,2016-08-22,16,1.22034,14.17995,0,0,0,0,0
,2016-08-23,16,1.87199,15.77053,0,0,0,0,0
,2016-08-24,16,7.2595,13.74184,0,0,0,0,0
,2016-08-25,16,3.71364,7.92011,0,0,0,0,0
,2016-08-26,16,0.09399,7.69388,0,0,0,0,0
,2016-08-27,16,0,11.05822,0,0,0,0,0
,2016-08-28,16,0.60572,12.98199,0,0,0,0,0
,2016-08-29,16,5.11155,13.71807,0,0,0,0,0
,2016-08-30,16,11.58899,12.88199,0,0,0,0,0
,2016-08-31,16,0.87812,11.01561,0,0,0,0,0
,2016-09-01,16,1.42882,11.55576,0,0,0,0,0
,2016-09-02,16,1.27152,14.65822,0,0,0,0,0
,2016-09-03,16,4.43039,13.49184,0,0,0,0,0
,2016-09-04,16,0.11739,14.72011,0,0,0,0,0
,2016-09-05,16,0,13.17749,0,0,0,0,0
,2016-09-06,16,0,13.50126,0,0,0,0,0
,2016-09-07,16,0,12.9533,0,0,0,0,0
,2016-09-08,16,0,13.71315,0,0,0,0,0
,2016-09-09,16,0,14.22749,0,0,0,0,0
,2016-09-10,16,0.47025,9.04592,0,0,0,0,0
,2016-09-11,16,0.01255,10.57011,0,0,0,0,0
,2016-09-12,16,3.06931,15.91765,0,0,0,0,0
,2016-09-13,16,2.08248,11.47911,0,0,0,0,0
,2016-09-14,16,3.11984,8.86927,0,0,0,0,0
,2016-09-15,16,0.08185,9.99592,0,0,0,0,0
,2016-09-16,16,0.02084,8.09142,0,0,0,0,0
,2016-09-17,16,0.02139,6.93445,0,0,0,0,0
,2016-09-18,16,0.00056,9.12749,0,0,0,0,0
,2016-09-19,16,0,14.50822,0,0,0,0,0
,2016-09-20,16,0.0463,16.0488,0,0,0,0,0
,2016-09-21,16,0.00124,15.47503,0,0,0,0,0
,2016-09-22,16,0,12.36068,0,0,0,0,0
,2016-09-23,16,0.35335,12.91026,0,0,0,0,0
,2016-09-24,16,0.00943,10.38403,0,0,0,0,0
,2016-09-25,16,0,4.62953,0,0,0,0,0
,2016-09-26,16,0,6.97707,0,0,0,0,0
,2016-09-27,16,0,9.3988,0,0,0,0,0
,2016-09-28,16,0,11.80126,0,0,0,0,0
,2016-09-29,16,0,11.25372,0,0,0,0,0
,2016-09-30,16,0.45224,12.74634,0,0,0,0,0
,2016-10-01,16,0.01207,9.53692,0,0,0,0,0
,2016-10-02,16,0,10.67749,0,0,0,0,0
,2016-10-03,16,0,10.7988,0,0,0,0,0
,2016-10-04,16,0,7.62011,0,0,0,0,0
,2016-10-05,16,4.18006,2.08445,0,0,0,0,0
,2016-10-06,16,2.81472,3.50576,0,0,0,0,0
,2016-10-07,16,0.07216,0.08896,0,0,0,0,0
,2016-10-08,16,0,3.25822,0,0,0,0,0
,2016-10-09,16,0,8.54634,0,0,0,0,0
,2016-10-10,16,0.25116,9.36561,0,0,0,0,0
,2016-10-11,16,6.79533,10.09634,0,0,0,0,0
,2016-10-12,16,0.74196,7.56026,0,0,0,0,0
,2016-10-13,16,0.03351,4.41477,0,0,0,0,0
,2016-10-14,16,0.00049,8.70126,0,0,0,0,0
,2016-10-15,16,0,13.02953,0,0,0,0,0
,2016-10-16,16,0,12.53938,0,0,0,0,0
,2016-10-17,16,0,11.06765,0,0,0,0,0
,2016-10-18,16,2.47747,7.43896,0,0,0,0,0
,2016-10-19,16,0.06613,4.46969,0,0,0,0,0
,2016-10-20,16,0.1227,0.19388,0,0,0,0,0
,2016-10-21,16,0.00328,2.13896,0,0,0,0,0
,2016-10-22,16,0,8.50618,0,0,0,0,0
,2016-10-23,16,0,10.23445,0,0,0,0,0
,2016-10-24,16,0,9.0033,0,0,0,0,0
,2016-10-25,16,0.78206,10.59184,0,0,0,0,0
,2016-10-26,16,0.02088,7.11315,0,0,0,0,0
,2016-10-27,16,0,8.06068,0,0,0,0,0
,2016-10-28,16,0,12.33692,0,0,0,0,0
,2016-10-29,16,0.20525,11.33692,0,0,0,0,0
,2016-10-30,16,0.00548,7.63692,0,0,0,0,0
,2016-10-31,16,0,9.59142,0,0,0,0,0
,2016-11-01,16,1.89722,9.3488,0,0,0,0,0
,2016-11-02,16,0.05064,6.24838,0,0,0,0,0
,2016-11-03,16,0,4.00822,0,0,0,0,0
,2016-11-04,16,0.02315,6.05126,0,0,0,0,0
,2016-11-05,16,0.00062,7.27011,0,0,0,0,0
,2016-11-06,16,0,6.51068,0,0,0,0,0
,2016-11-07,16,0,6.63938,0,0,0,0,0
,2016-11-08,16,0,4.3488,0,0,0,0,0
,2016-11-09,16,0,4.83445,0,0,0,0,0
,2016-11-10,16,0,8.42749,0,0,0,0,0
,2016-11-11,16,0,5.26519,0,0,0,0,0
,2016-11-12,16,0.29658,2.69592,0,0,0,0,0
,2016-11-13,16,0.00792,6.86315,0,0,0,0,0
,2016-11-14,16,0.02315,5.40576,0,0,0,0,0
,2016-11-15,16,0.00062,6.92503,0,0,0,0,0
,2016-11-16,16,0,10.78938,0,0,0,0,0
,2016-11-17,16,13.48114,7.36723,0,0,0,0,0
,2016-11-18,16,0.5715,-5.38073,0,0,0,0,0
,2016-11-19,16,1.78517,-6.5967,0,0,0,0,0
,2016-11-20,16,0.0475,2.97215,0,0,0,0,0
,2016-11-21,16,1.11595,5.82257,0,0,0,0,0
,2016-11-22,16,0.57594,4.41765,0,0,0,0,0
,2016-11-23,16,1.08076,-2.50162,0,0,0,0,0
,2016-11-24,16,1.16949,-0.76351,0,0,0,0,0
,2016-11-25,16,0.73306,-4.3057,0,0,0,0,0
,2016-11-26,16,0.05887,1.35618,0,0,0,0,0
,2016-11-27,16,0.51138,2.51315,0,0,0,0,0
,2016-11-28,16,0.3767,-2.03481,0,0,0,0,0
,2016-11-29,16,0.11156,-6.94874,0,0,0,0,0
,2016-11-30,16,0.06523,-8.68439,0,0,0,0,0
,2016-12-01,16,0.00167,-8.74178,0,0,0,0,0
,2016-12-02,16,1.37781,-7.61062,0,0,0,0,0
,2016-12-03,16,0.35228,-11.05366,0,0,0,0,0
,2016-12-04,16,1.14874,-7.45366,0,0,0,0,0
,2016-12-05,16,2.84133,-3.75816,0,0,0,0,0
,2016-12-06,16,9.14112,-7.92989,0,0,0,0,0
,2016-12-07,16,0.95774,-12.11597,0,0,0,0,0
,2016-12-08,16,3.29003,-17.46843,0,0,0,0,0
,2016-12-09,16,2.48818,-13.27539,0,0,0,0,0
,2016-12-10,16,9.5321,-1.90366,0,0,0,0,0
,2016-12-11,16,7.28376,1.06519,0,0,0,0,0
,2016-12-12,16,0.18769,-3.5422,0,0,0,0,0
,2016-12-13,16,0.37826,-4.50366,0,0,0,0,0
,2016-12-14,16,16.0591,-6.12743,0,0,0,0,0
,2016-12-15,16,1.20048,-5.15696,0,0,0,0,0
,2016-12-16,16,8.03436,3.70822,0,0,0,0,0
,2016-12-17,16,0.31859,-7.00984,0,0,0,0,0
,2016-12-18,16,0.00742,-16.83361,0,0,0,0,0
,2016-12-19,16,1.16905,-12.18932,0,0,0,0,0
,2016-12-20,16,0.33793,-4.67947,0,0,0,0,0
,2016-12-21,16,0.13049,1.36807,0,0,0,0,0
,2016-12-22,16,0.49999,-1.96351,0,0,0,0,0
,2016-12-23,16,0.01326,-2.35408,0,0,0,0,0
,2016-12-24,16,0,-0.92005,0,0,0,0,0
,2016-12-25,16,1.48166,1.72707,0,0,0,0,0
,2016-12-26,16,0.27264,-4.82293,0,0,0,0,0
,2016-12-27,16,1.5042,-6.98932,0,0,0,0,0
,2016-12-28,16,3.21996,-1.77497,0,0,0,0,0
,2016-12-29,16,0.40788,-5.05858,0,0,0,0,0
,2016-12-30,16,0.00864,-3.29178,0,0,0,0,0
,2016-12-31,16,0,0.9033,0,0,0,0,0
,2017-01-01,16,0,-2.74916,0,0,0,0,0
,2017-01-02,16,1.43362,-3.09874,0,0,0,0,0
,2017-01-03,16,4.22568,-5.63769,0,0,0,0,0
,2017-01-04,16,23.96363,-9.29262,0,0,0,0,0
,2017-01-05,16,7.55292,-13.36435,0,0,0,0,0
,2017-01-06,16,0.72011,-19.31885,0,0,0,0,0
,2017-01-07,16,1.75142,-17.54382,0,0,0,0,0
,2017-01-08,16,10.14172,-7.90858,0,0,0,0,0
,2017-01-09,16,13.85645,0.26561,0,0,0,0,0
,2017-01-10,16,6.2815,-1.18932,0,0,0,0,0
,2017-01-11,16,10.53773,-4.09628,0,0,0,0,0
,2017-01-12,16,2.80146,-3.02989,0,0,0,0,0
,2017-01-13,16,0.06681,-4.12785,0,0,0,0,0
,2017-01-14,16,0,-2.56843,0,0,0,0,0
,2017-01-15,16,4.25267,-3.1512,0,0,0,0,0
,2017-01-16,16,2.13981,-3.80858,0,0,0,0,0
,2017-01-17,16,0.08187,-6.10162,0,0,0,0,0
,2017-01-18,16,0.00074,-3.36555,0,0,0,0,0
,2017-01-19,16,0.03241,-0.17947,0,0,0,0,0
,2017-01-20,16,0.19773,1.53445,0,0,0,0,0
,2017-01-21,16,0.10944,-4.78932,0,0,0,0,0
,2017-01-22,16,0.37266,-4.89382,0,0,0,0,0
,2017-01-23,16,1.63553,-5.07497,0,0,0,0,0
,2017-01-24,16,0.04307,-4.2467,0,0,0,0,0
,2017-01-25,16,0,-9.07785,0,0,0,0,0
,2017-01-26,16,0,-12.05162,0,0,0,0,0
,2017-01-27,16,0,-13.58932,0,0,0,0,0
,2017-01-28,16,0.2779,-8.75366,0,0,0,0,0
,2017-01-29,16,0.00742,-5.03481,0,0,0,0,0
,2017-01-30,16,0,0.24388,0,0,0,0,0
,2017-01-31,16,0,1.38487,0,0,0,0,0
,2017-02-01,16,0.02315,1.56273,0,0,0,0,0
,2017-02-02,16,5.5165,-0.04508,0,0,0,0,0
,2017-02-03,16,0.97212,-2.80942,0,0,0,0,0
,2017-02-04,16,4.70413,-2.27581,0,0,0,0,0
,2017-02-05,16,0.14253,-0.29628,0,0,0,0,0
,2017-02-06,16,0.00049,1.88445,0,0,0,0,0
,2017-02-07,16,16.26421,1.43938,0,0,0,0,0
,2017-02-08,16,4.07951,0.52503,0,0,0,0,0
,2017-02-09,16,0.09731,0.27503,0,0,0,0,0
,2017-02-10,16,0,6.14184,0,0,0,0,0
,2017-02-11,16,0.86892,8.17257,0,0,0,0,0
,2017-02-12,16,0.02319,0.59592,0,0,0,0,0
,2017-02-13,16,0,-1.409,0,0,0,0,0
,2017-02-14,16,0.01852,-3.00366,0,0,0,0,0
,2017-02-15,16,0.01902,-4.24874,0,0,0,0,0
,2017-02-16,16,0.13853,0.78241,0,0,0,0,0
,2017-02-17,16,0.00368,6.68445,0,0,0,0,0
,2017-02-18,16,0,4.12011,0,0,0,0,0
,2017-02-19,16,0.7577,4.0533,0,0,0,0,0
,2017-02-20,16,0.02023,2.86519,0,0,0,0,0
,2017-02-21,16,0,0.73938,0,0,0,0,0
,2017-02-22,16,0.70382,5.11273,0,0,0,0,0
,2017-02-23,16,7.47997,1.24346,0,0,0,0,0
,2017-02-24,16,2.20991,-10.259,0,0,0,0,0
,2017-02-25,16,2.00947,-12.57539,0,0,0,0,0
,2017-02-26,16,0.47009,-11.42497,0,0,0,0,0
,2017-02-27,16,2.06345,-9.4012,0,0,0,0,0
,2017-02-28,16,0.54518,-3.97989,0,0,0,0,0
,2017-03-01,16,0.57211,-7.48235,0,0,0,0,0
,2017-03-02,16,0.07743,-8.51062,0,0,0,0,0
,2017-03-03,16,0.00167,-3.8467,0,0,0,0,0
,2017-03-04,16,0.78725,0.42503,0,0,0,0,0
,2017-03-05,16,0.87755,3.54634,0,0,0,0,0
,2017-03-06,16,1.22401,4.01026,0,0,0,0,0
,2017-03-07,16,1.28477,-6.87539,0,0,0,0,0
,2017-03-08,16,0.87339,-6.83193,0,0,0,0,0
,2017-03-09,16,0.02478,1.75126,0,0,0,0,0
,2017-03-10,16,0.83052,4.06969,0,0,0,0,0
,2017-03-11,16,0.89891,4.70534,0,0,0,0,0
,2017-03-12,16,0.1624,1.14796,0,0,0,0,0
,2017-03-13,16,0.0639,0.29388,0,0,0,0,0
,2017-03-14,16,0.02244,0.31765,0,0,0,0,0
,2017-03-15,16,0.00056,6.75576,0,0,0,0,0
,2017-03-16,16,0,8.36068,0,0,0,0,0
,2017-03-17,16,0,8.73896,0,0,0,0,0
,2017-03-18,16,0,6.82953,0,0,0,0,0
,2017-03-19,16,0,9.87953,0,0,0,0,0
,2017-03-20,16,0,9.71273,0,0,0,0,0
,2017-03-21,16,0,7.21765,0,0,0,0,0
,2017-03-22,16,0,6.27911,0,0,0,0,0
,2017-03-23,16,3.55111,8.68157,0,0,0,0,0
,2017-03-24,16,1.15191,5.86026,0,0,0,0,0
,2017-03-25,16,1.18651,0.84142,0,0,0,0,0
,2017-03-26,16,1.57959,5.06723,0,0,0,0,0
,2017-03-27,16,6.47257,1.77665,0,0,0,0,0
,2017-03-28,16,17.8041,2.7078,0,0,0,0,0
,2017-03-29,16,0.53319,-0.0922,0,0,0,0,0
,2017-03-30,16,5.61676,1.92707,0,0,0,0,0
,2017-03-31,16,6.51657,5.06519,0,0,0,0,0
,2017-04-01,16,0.49519,-2.26843,0,0,0,0,0
,2017-04-02,16,1.659,-1.61146,0,0,0,0,0
,2017-04-03,16,15.74902,2.37707,0,0,0,0,0
,2017-04-04,16,16.2119,-0.73481,0,0,0,0,0
,2017-04-05,16,1.08933,-4.9967,0,0,0,0,0
,2017-04-06,16,0.03846,-3.6512,0,0,0,0,0
,2017-04-07,16,0.00056,4.52215,0,0,0,0,0
,2017-04-08,16,0.84667,7.90084,0,0,0,0,0
,2017-04-09,16,0.24762,6.86519,0,0,0,0,0
,2017-04-10,16,0.48238,-2.76555,0,0,0,0,0
,2017-04-11,16,0.01272,-0.10858,0,0,0,0,0
,2017-04-12,16,0,4.62215,0,0,0,0,0
,2017-04-13,16,0,7.24142,0,0,0,0,0
,2017-04-14,16,0,8.05576,0,0,0,0,0
,2017-04-15,16,0,8.72461,0,0,0,0,0
,2017-04-16,16,0,5.22215,0,0,0,0,0
,2017-04-17,16,0,5.82215,0,0,0,0,0
,2017-04-18,16,0,7.43199,0,0,0,0,0
,2017-04-19,16,2.48895,8.54142,0,0,0,0,0
,2017-04-20,16,7.99038,3.72461,0,0,0,0,0
,2017-04-21,16,4.63083,1.86519,0,0,0,0,0
,2017-04-22,16,0.60744,-0.47539,0,0,0,0,0
,2017-04-23,16,0.1483,-0.01801,0,0,0,0,0
,2017-04-24,16,2.27077,7.87707,0,0,0,0,0
,2017-04-25,16,2.22511,4.98403,0,0,0,0,0
,2017-04-26,16,2.90052,0.33403,0,0,0,0,0
,2017-04-27,16,3.46399,0.48649,0,0,0,0,0
,2017-04-28,16,13.6769,-1.20858,0,0,0,0,0
,2017-04-29,16,8.19096,-3.40858,0,0,0,0,0
,2017-04-30,16,3.35708,-7.85408,0,0,0,0,0
,2017-05-01,16,0.79641,-2.57005,0,0,0,0,0
,2017-05-02,16,2.06967,3.52011,0,0,0,0,0
,2017-05-03,16,1.63091,3.45084,0,0,0,0,0
,2017-05-04,16,0.06292,2.60534,0,0,0,0,0
,2017-05-05,16,0.00056,7.82707,0,0,0,0,0
,2017-05-06,16,0,10.06068,0,0,0,0,0
,2017-05-07,16,2.55855,12.59184,0,0,0,0,0
,2017-05-08,16,13.74532,9.73445,0,0,0,0,0
,2017-05-09,16,1.97355,8.07707,0,0,0,0,0
,2017-05-10,16,20.22079,7.30534,0,0,0,0,0
,2017-05-11,16,1.2824,3.24346,0,0,0,0,0
,2017-05-12,16,0.03834,5.82215,0,0,0,0,0
,2017-05-13,16,0.00049,9.6988,0,0,0,0,0
,2017-05-14,16,0,12.14388,0,0,0,0,0
,2017-05-15,16,0.34616,8.2488,0,0,0,0,0
,2017-05-16,16,0.6247,9.71561,0,0,0,0,0
,2017-05-17,16,24.12725,6.41519,0,0,0,0,0
,2017-05-18,16,50.02593,5.23649,0,0,0,0,0
,2017-05-19,16,7.17054,-2.19466,0,0,0,0,0
,2017-05-20,16,2.30419,-1.27089,0,0,0,0,0
,2017-05-21,16,6.57162,0.83199,0,0,0,0,0
,2017-05-22,16,6.97723,4.74388,0,0,0,0,0
,2017-05-23,16,1.29843,3.75084,0,0,0,0,0
,2017-05-24,16,0.02944,3.06765,0,0,0,0,0
,2017-05-25,16,4.45955,11.67953,0,0,0,0,0
,2017-05-26,16,2.25432,8.4578,0,0,0,0,0
,2017-05-27,16,2.6344,7.66026,0,0,0,0,0
,2017-05-28,16,1.03146,3.46519,0,0,0,0,0
,2017-05-29,16,1.20847,6.45576,0,0,0,0,0
,2017-05-30,16,0.89398,6.41519,0,0,0,0,0
,2017-05-31,16,0.50245,9.15576,0,0,0,0,0
,2017-06-01,16,0.0128,10.91068,0,0,0,0,0
,2017-06-02,16,1.58897,11.20126,0,0,0,0,0
,2017-06-03,16,0.77444,9.93445,0,0,0,0,0
,2017-06-04,16,0.04037,9.42749,0,0,0,0,0
,2017-06-05,16,0.57933,11.87503,0,0,0,0,0
,2017-06-06,16,1.95775,13.72257,0,0,0,0,0
,2017-06-07,16,2.07353,11.03199,0,0,0,0,0
,2017-06-08,16,0.87492,12.57257,0,0,0,0,0
,2017-06-09,16,0.02191,14.09634,0,0,0,0,0
,2017-06-10,16,0,16.5988,0,0,0,0,0
,2017-06-11,16,0,18.31519,0,0,0,0,0
,2017-06-12,16,0,13.67215,0,0,0,0,0
,2017-06-13,16,0,13.33445,0,0,0,0,0
,2017-06-14,16,0,9.77011,0,0,0,0,0
,2017-06-15,16,0,12.62995,0,0,0,0,0
,2017-06-16,16,0,13.63487,0,0,0,0,0
,2017-06-17,16,0,15.73241,0,0,0,0,0
,2017-06-18,16,0,14.19838,0,0,0,0,0
,2017-06-19,16,0.12933,13.30576,0,0,0,0,0
,2017-06-20,16,0.00345,14.08199,0,0,0,0,0
,2017-06-21,16,0,18.44676,0,0,0,0,0
,2017-06-22,16,2.37816,18.94676,0,0,0,0,0
,2017-06-23,16,0.69977,16.24142,0,0,0,0,0
,2017-06-24,16,0.01699,8.65984,0,0,0,0,0
,2017-06-25,16,0,8.6533,0,0,0,0,0
,2017-06-26,16,0,10.73649,0,0,0,0,0
,2017-06-27,16,0,13.86315,0,0,0,0,0
,2017-06-28,16,0,16.62749,0,0,0,0,0
,2017-06-29,16,2.92942,15.35822,0,0,0,0,0
,2017-06-30,16,0.0782,13.46519,0,0,0,0,0
,2017-07-01,16,0,9.80576,0,0,0,0,0
,2017-07-02,16,0,13.56561,0,0,0,0,0
,2017-07-03,16,0,16.5443,0,0,0,0,0
,2017-07-04,16,1.03603,16.62257,0,0,0,0,0
,2017-07-05,16,0.02766,16.66807,0,0,0,0,0
,2017-07-06,16,0,17.97299,0,0,0,0,0
,2017-07-07,16,0.63475,19.28199,0,0,0,0,0
,2017-07-08,16,1.46687,17.07953,0,0,0,0,0
,2017-07-09,16,0.2378,15.58692,0,0,0,0,0
,2017-07-10,16,0.58946,17.51807,0,0,0,0,0
,2017-07-11,16,0.06377,18.40126,0,0,0,0,0
,2017-07-12,16,2.03081,18.86765,0,0,0,0,0
,2017-07-13,16,0.11199,11.50822,0,0,0,0,0
,2017-07-14,16,0.00155,14.78445,0,0,0,0,0
,2017-07-15,16,0,15.50372,0,0,0,0,0
,2017-07-16,16,0.48229,15.31068,0,0,0,0,0
,2017-07-17,16,0.10101,15.61315,0,0,0,0,0
,2017-07-18,16,0.04382,18.48692,0,0,0,0,0
,2017-07-19,16,1.15567,18.06561,0,0,0,0,0
,2017-07-20,16,0.03082,19.7988,0,0,0,0,0
,2017-07-21,16,7.68478,18.24142,0,0,0,0,0
,2017-07-22,16,3.41938,17.5533,0,0,0,0,0
,2017-07-23,16,2.37131,15.65126,0,0,0,0,0
,2017-07-24,16,0.79844,16.0443,0,0,0,0,0
,2017-07-25,16,4.80195,19.15618,0,0,0,0,0
,2017-07-26,16,9.26524,17.09388,0,0,0,0,0
,2017-07-27,16,0.85549,14.34838,0,0,0,0,0
,2017-07-28,16,6.88894,15.56765,0,0,0,0,0
,2017-07-29,16,3.64096,17.12011,0,0,0,0,0
,2017-07-30,16,6.13853,13.3533,0,0,0,0,0
,2017-07-31,16,0.97982,13.87257,0,0,0,0,0
,2017-08-01,16,0.59172,14.18938,0,0,0,0,0
,2017-08-02,16,7.86399,14.18487,0,0,0,0,0
,2017-08-03,16,2.76101,15.2033,0,0,0,0,0
,2017-08-04,16,0.47926,11.78607,0,0,0,0,0
,2017-08-05,16,1.2216,15.67011,0,0,0,0,0
,2017-08-06,16,1.79417,13.51765,0,0,0,0,0
,2017-08-07,16,15.11828,12.50534,0,0,0,0,0
,2017-08-08,16,4.42981,7.78403,0,0,0,0,0
,2017-08-09,16,2.49153,10.67461,0,0,0,0,0
,2017-08-10,16,6.51366,10.88199,0,0,0,0,0
,2017-08-11,16,0.17218,12.38403,0,0,0,0,0
,2017-08-12,16,0,12.68649,0,0,0,0,0
,2017-08-13,16,0.38026,14.72215,0,0,0,0,0
,2017-08-14,16,2.29241,14.98445,0,0,0,0,0
,2017-08-15,16,0.74371,15.18445,0,0,0,0,0
,2017-08-16,16,0.94965,13.08445,0,0,0,0,0
,2017-08-17,16,0.02486,10.97011,0,0,0,0,0
,2017-08-18,16,0,13.74676,0,0,0,0,0
,2017-08-19,16,0,15.27995,0,0,0,0,0
,2017-08-20,16,0,16.65864,0,0,0,0,0
,2017-08-21,16,1.23235,16.35126,0,0,0,0,0
,2017-08-22,16,4.44116,14.53199,0,0,0,0,0
,2017-08-23,16,5.75963,14.25576,0,0,0,0,0
,2017-08-24,16,7.67206,14.15126,0,0,0,0,0
,2017-08-25,16,0.20078,13.44184,0,0,0,0,0
,2017-08-26,16,0,14.89676,0,0,0,0,0
,2017-08-27,16,0,16.14676,0,0,0,0,0
,2017-08-28,16,0,14.5988,0,0,0,0,0
,2017-08-29,16,0,15.48938,0,0,0,0,0
,2017-08-30,16,1.11914,15.90864,0,0,0,0,0
,2017-08-31,16,1.20946,16.21561,0,0,0,0,0
,2017-09-01,16,0.03149,15.23199,0,0,0,0,0
,2017-09-02,16,0,14.87749,0,0,0,0,0
,2017-09-03,16,0,16.49634,0,0,0,0,0
,2017-09-04,16,0,17.74676,0,0,0,0,0
,2017-09-05,16,0,15.94388,0,0,0,0,0
,2017-09-06,16,0,9.64838,0,0,0,0,0
,2017-09-07,16,0,11.59388,0,0,0,0,0
,2017-09-08,16,0.79669,14.51068,0,0,0,0,0
,2017-09-09,16,0.02127,14.76561,0,0,0,0,0
,2017-09-10,16,0.31687,16.26315,0,0,0,0,0
,2017-09-11,16,1.21263,15.86315,0,0,0,0,0
,2017-09-12,16,0.03214,14.72503,0,0,0,0,0
,2017-09-13,16,0,16.07995,0,0,0,0,0
,2017-09-14,16,1.42674,15.60372,0,0,0,0,0
,2017-09-15,16,1.01767,14.19142,0,0,0,0,0
,2017-09-16,16,0.44265,10.99838,0,0,0,0,0
,2017-09-17,16,0.85052,7.26519,0,0,0,0,0
,2017-09-18,16,0.35352,8.8533,0,0,0,0,0
,2017-09-19,16,0.00884,11.21068,0,0,0,0,0
,2017-09-20,16,0,12.13157,0,0,0,0,0
,2017-09-21,16,0,11.19346,0,0,0,0,0
,2017-09-22,16,0,14.61765,0,0,0,0,0
,2017-09-23,16,11.93378,10.69346,0,0,0,0,0
,2017-09-24,16,11.19998,5.60288,0,0,0,0,0
,2017-09-25,16,2.00235,1.39838,0,0,0,0,0
,2017-09-26,16,1.53507,1.5578,0,0,0,0,0
,2017-09-27,16,5.84078,2.43445,0,0,0,0,0
,2017-09-28,16,15.42847,3.48403,0,0,0,0,0
,2017-09-29,16,1.20403,3.39592,0,0,0,0,0
,2017-09-30,16,4.24979,5.491,0,0,0,0,0
,2017-10-01,16,16.83093,7.79142,0,0,0,0,0
,2017-10-02,16,10.20398,5.11273,0,0,0,0,0
,2017-10-03,16,0.2605,-0.27581,0,0,0,0,0
,2017-10-04,16,0,0.37461,0,0,0,0,0
,2017-10-05,16,0,7.16723,0,0,0,0,0
,2017-10-06,16,1.10187,7.46273,0,0,0,0,0
,2017-10-07,16,0.02941,5.23445,0,0,0,0,0
,2017-10-08,16,8.97574,8.13692,0,0,0,0,0
,2017-10-09,16,8.75165,4.90042,0,0,0,0,0
,2017-10-10,16,0.692,-4.57539,0,0,0,0,0
,2017-10-11,16,0.01241,1.24142,0,0,0,0,0
,2017-10-12,16,0,9.19838,0,0,0,0,0
,2017-10-13,16,0.0301,7.86273,0,0,0,0,0
,2017-10-14,16,0.0008,5.41026,0,0,0,0,0
,2017-10-15,16,0,1.77953,0,0,0,0,0
,2017-10-16,16,0,5.28403,0,0,0,0,0
,2017-10-17,16,0,8.93445,0,0,0,0,0
,2017-10-18,16,0,9.63445,0,0,0,0,0
,2017-10-19,16,0.35183,9.50126,0,0,0,0,0
,2017-10-20,16,0.15022,9.83938,0,0,0,0,0
,2017-10-21,16,0.00376,7.50576,0,0,0,0,0
,2017-10-22,16,0.04862,-2.0512,0,0,0,0,0
,2017-10-23,16,0.0013,3.92503,0,0,0,0,0
,2017-10-24,16,0,3.241,0,0,0,0,0
,2017-10-25,16,0.42696,4.57911,0,0,0,0,0
,2017-10-26,16,3.55668,10.81561,0,0,0,0,0
,2017-10-27,16,0.44427,-0.20654,0,0,0,0,0
,2017-10-28,16,0.00933,-2.4545,0,0,0,0,0
,2017-10-29,16,0.07299,2.58896,0,0,0,0,0
,2017-10-30,16,3.36577,3.93649,0,0,0,0,0
,2017-10-31,16,2.86868,-5.00204,0,0,0,0,0
,2017-11-01,16,0.07418,0.1578,0,0,0,0,0
,2017-11-02,16,0,5.90084,0,0,0,0,0
,2017-11-03,16,0,5.39796,0,0,0,0,0
,2017-11-04,16,2.71586,7.18692,0,0,0,0,0
,2017-11-05,16,10.96146,4.28199,0,0,0,0,0
,2017-11-06,16,6.9342,0.87665,0,0,0,0,0
,2017-11-07,16,7.95822,-0.48073,0,0,0,0,0
,2017-11-08,16,0.3605,-4.61639,0,0,0,0,0
,2017-11-09,16,0.04112,-0.41104,0,0,0,0,0
,2017-11-10,16,0.00099,2.81188,0,0,0,0,0
,2017-11-11,16,0,5.51273,0,0,0,0,0
,2017-11-12,16,0,1.5533,0,0,0,0,0
,2017-11-13,16,0,0.96519,0,0,0,0,0
,2017-11-14,16,0,7.24634,0,0,0,0,0
,2017-11-15,16,0,4.6078,0,0,0,0,0
,2017-11-16,16,0.00463,2.38361,0,0,0,0,0
,2017-11-17,16,6.57309,8.22257,0,0,0,0,0
,2017-11-18,16,1.0858,-0.92989,0,0,0,0,0
,2017-11-19,16,0.50781,-5.82497,0,0,0,0,0
,2017-11-20,16,0.28684,0.97749,0,0,0,0,0
,2017-11-21,16,3.4477,3.67749,0,0,0,0,0
,2017-11-22,16,0.17689,0.93157,0,0,0,0,0
,2017-11-23,16,0.03238,5.47257,0,0,0,0,0
,2017-11-24,16,0.29891,7.62503,0,0,0,0,0
,2017-11-25,16,0.00796,5.86519,0,0,0,0,0
,2017-11-26,16,0,4.78445,0,0,0,0,0
,2017-11-27,16,0,8.31068,0,0,0,0,0
,2017-11-28,16,0,6.71765,0,0,0,0,0
,2017-11-29,16,0,-0.86597,0,0,0,0,0
,2017-11-30,16,0.02084,2.05576,0,0,0,0,0
,2017-12-01,16,0.00056,2.01026,0,0,0,0,0
,2017-12-02,16,0,3.3533,0,0,0,0,0
,2017-12-03,16,1.36117,4.58199,0,0,0,0,0
,2017-12-04,16,0.16585,1.96765,0,0,0,0,0
,2017-12-05,16,0.51238,-7.60366,0,0,0,0,0
,2017-12-06,16,0.01358,-5.68481,0,0,0,0,0
,2017-12-07,16,0.65915,-9.87989,0,0,0,0,0
,2017-12-08,16,0.13085,-8.33481,0,0,0,0,0
,2017-12-09,16,0.00303,-0.40612,0,0,0,0,0
,2017-12-10,16,0.04167,1.29142,0,0,0,0,0
,2017-12-11,16,0.00111,2.8078,0,0,0,0,0
,2017-12-12,16,0,2.45084,0,0,0,0,0
,2017-12-13,16,2.02635,5.43199,0,0,0,0,0
,2017-12-14,16,2.01828,-0.72539,0,0,0,0,0
,2017-12-15,16,0.05243,-6.24424,0,0,0,0,0
,2017-12-16,16,0,0.0533,0,0,0,0,0
,2017-12-17,16,0,-2.76351,0,0,0,0,0
,2017-12-18,16,0.19032,-3.42089,0,0,0,0,0
,2017-12-19,16,0.00508,0.94142,0,0,0,0,0
,2017-12-20,16,2.03954,1.32461,0,0,0,0,0
,2017-12-21,16,0.834,0.96026,0,0,0,0,0
,2017-12-22,16,0.85346,-9.82131,0,0,0,0,0
,2017-12-23,16,8.58291,-7.0012,0,0,0,0,0
,2017-12-24,16,3.61149,-8.76597,0,0,0,0,0
,2017-12-25,16,13.44808,-9.49424,0,0,0,0,0
,2017-12-26,16,2.34741,-5.88319,0,0,0,0,0
,2017-12-27,16,0.10596,-4.54712,0,0,0,0,0
,2017-12-28,16,0.00142,-1.24874,0,0,0,0,0
,2017-12-29,16,0.60491,0.34388,0,0,0,0,0
,2017-12-30,16,0.44982,1.93854,0,0,0,0,0
,2017-12-31,16,0.05556,-0.09958,0,0,0,0,0
,2018-01-01,16,0.00117,-6.56927,0,0,0,0,0
,2018-01-02,16,0,-3.49466,0,0,0,0,0
,2018-01-03,16,0.40596,-4.509,0,0,0,0,0
,2018-01-04,16,0.01084,0.14838,0,0,0,0,0
,2018-01-05,16,0,-0.13481,0,0,0,0,0
,2018-01-06,16,0.42912,2.3988,0,0,0,0,0
,2018-01-07,16,1.20979,1.92011,0,0,0,0,0
,2018-01-08,16,0.03199,-1.0467,0,0,0,0,0
,2018-01-09,16,0.56603,4.87953,0,0,0,0,0
,2018-01-10,16,2.52837,5.0488,0,0,0,0,0
,2018-01-11,16,1.4385,-1.66104,0,0,0,0,0
,2018-01-12,16,5.1516,-6.97989,0,0,0,0,0
,2018-01-13,16,0.95301,-3.60366,0,0,0,0,0
,2018-01-14,16,1.02309,-3.6012,0,0,0,0,0
,2018-01-15,16,0.69452,-1.52047,0,0,0,0,0
,2018-01-16,16,0.01783,-10.48812,0,0,0,0,0
,2018-01-17,16,0.09724,-8.47785,0,0,0,0,0
,2018-01-18,16,0.06047,-0.12539,0,0,0,0,0
,2018-01-19,16,0.00155,3.61969,0,0,0,0,0
,2018-01-20,16,4.52914,4.99142,0,0,0,0,0
,2018-01-21,16,7.67318,-0.29712,0,0,0,0,0
,2018-01-22,16,1.27582,-10.0422,0,0,0,0,0
,2018-01-23,16,0.42601,-8.0512,0,0,0,0,0
,2018-01-24,16,0.04766,-6.86555,0,0,0,0,0
,2018-01-25,16,0.70058,-1.44178,0,0,0,0,0
,2018-01-26,16,0.02794,1.58199,0,0,0,0,0
,2018-01-27,16,0.4747,-7.35612,0,0,0,0,0
,2018-01-28,16,0.01267,-6.17497,0,0,0,0,0
,2018-01-29,16,0.02084,-3.28932,0,0,0,0,0
,2018-01-30,16,0.58096,0.85576,0,0,0,0,0
,2018-01-31,16,2.23949,4.04388,0,0,0,0,0
,2018-02-01,16,6.80851,0.31231,0,0,0,0,0
,2018-02-02,16,0.67074,-3.64508,0,0,0,0,0
,2018-02-03,16,3.06494,1.36519,0,0,0,0,0
,2018-02-04,16,2.70236,0.62749,0,0,0,0,0
,2018-02-05,16,9.59545,-0.809,0,0,0,0,0
,2018-02-06,16,0.33186,-2.70162,0,0,0,0,0
,2018-02-07,16,0.39035,-3.65858,0,0,0,0,0
,2018-02-08,16,0.33617,-2.86555,0,0,0,0,0
,2018-02-09,16,3.61454,1.16315,0,0,0,0,0
,2018-02-10,16,6.56835,-1.64262,0,0,0,0,0
,2018-02-11,16,0.17276,-9.46639,0,0,0,0,0
,2018-02-12,16,2.57971,-7.50612,0,0,0,0,0
,2018-02-13,16,1.09166,-6.0545,0,0,0,0,0
,2018-02-14,16,0.05022,-1.06104,0,0,0,0,0
,2018-02-15,16,0.54606,1.67011,0,0,0,0,0
,2018-02-16,16,1.23474,-6.15858,0,0,0,0,0
,2018-02-17,16,0.25787,-5.91351,0,0,0,0,0
,2018-02-18,16,0.00602,-2.45816,0,0,0,0,0
,2018-02-19,16,4.4836,-1.13319,0,0,0,0,0
,2018-02-20,16,0.11969,-10.47953,0,0,0,0,0
,2018-02-21,16,0.50065,-14.98769,0,0,0,0,0
,2018-02-22,16,0.04115,-12.13235,0,0,0,0,0
,2018-02-23,16,6.66616,-9.62785,0,0,0,0,0
,2018-02-24,16,0.76817,-9.02047,0,0,0,0,0
,2018-02-25,16,0.39318,-12.17497,0,0,0,0,0
,2018-02-26,16,1.09194,-9.93685,0,0,0,0,0
,2018-02-27,16,0.02887,-3.12293,0,0,0,0,0
,2018-02-28,16,0,-2.05612,0,0,0,0,0
,2018-03-01,16,0.05556,-3.68974,0,0,0,0,0
,2018-03-02,16,0.01769,-1.17785,0,0,0,0,0
,2018-03-03,16,0.13942,3.37011,0,0,0,0,0
,2018-03-04,16,0.34668,4.51765,0,0,0,0,0
,2018-03-05,16,0.00916,-1.69178,0,0,0,0,0
,2018-03-06,16,0.02084,-10.15816,0,0,0,0,0
,2018-03-07,16,0.02371,-7.2012,0,0,0,0,0
,2018-03-08,16,0.59243,-2.33727,0,0,0,0,0
,2018-03-09,16,0.43387,1.60822,0,0,0,0,0
,2018-03-10,16,1.46177,1.90822,0,0,0,0,0
,2018-03-11,16,0.03872,-4.70612,0,0,0,0,0
,2018-03-12,16,0.31878,-4.1012,0,0,0,0,0
,2018-03-13,16,0.10766,-0.98685,0,0,0,0,0
,2018-03-14,16,0.00265,-1.21555,0,0,0,0,0
,2018-03-15,16,2.23419,3.2988,0,0,0,0,0
,2018-03-16,16,0.3191,2.60084,0,0,0,0,0
,2018-03-17,16,0.88471,-2.92005,0,0,0,0,0
,2018-03-18,16,12.55061,-0.03932,0,0,0,0,0
,2018-03-19,16,1.49415,-2.01104,0,0,0,0,0
,2018-03-20,16,1.3893,-4.2467,0,0,0,0,0
,2018-03-21,16,0.05677,-4.5512,0,0,0,0,0
,2018-03-22,16,0.78805,0.86519,0,0,0,0,0
,2018-03-23,16,2.9626,6.67707,0,0,0,0,0
,2018-03-24,16,0.78934,3.89838,0,0,0,0,0
,2018-03-25,16,1.02251,2.96765,0,0,0,0,0
,2018-03-26,16,11.62274,3.28403,0,0,0,0,0
,2018-03-27,16,1.02036,-0.88523,0,0,0,0,0
,2018-03-28,16,7.80336,-2.82293,0,0,0,0,0
,2018-03-29,16,2.50064,-2.34466,0,0,0,0,0
,2018-03-30,16,1.1762,-3.46801,0,0,0,0,0
,2018-03-31,16,1.65126,1.57707,0,0,0,0,0
,2018-04-01,16,3.29345,2.22869,0,0,0,0,0
,2018-04-02,16,0.91859,2.30738,0,0,0,0,0
,2018-04-03,16,0.0222,3.09838,0,0,0,0,0
,2018-04-04,16,0.21866,-5.83685,0,0,0,0,0
,2018-04-05,16,0.00584,1.67707,0,0,0,0,0
,2018-04-06,16,13.6507,4.06519,0,0,0,0,0
,2018-04-07,16,6.29499,-3.82131,0,0,0,0,0
,2018-04-08,16,7.08596,2.37173,0,0,0,0,0
,2018-04-09,16,3.23098,-0.13235,0,0,0,0,0
,2018-04-10,16,0.08135,-0.33235,0,0,0,0,0
,2018-04-11,16,0,4.88445,0,0,0,0,0
,2018-04-12,16,0.40133,8.98649,0,0,0,0,0
,2018-04-13,16,0.01534,4.47953,0,0,0,0,0
,2018-04-14,16,1.99576,-5.36801,0,0,0,0,0
,2018-04-15,16,1.46982,-2.05366,0,0,0,0,0
,2018-04-16,16,0.03781,2.78403,0,0,0,0,0
,2018-04-17,16,0.2985,7.43157,0,0,0,0,0
,2018-04-18,16,0.03112,1.05576,0,0,0,0,0
,2018-04-19,16,0.56953,-1.23481,0,0,0,0,0
,2018-04-20,16,7.73812,0.81765,0,0,0,0,0
,2018-04-21,16,3.71166,0.15288,0,0,0,0,0
,2018-04-22,16,0.11673,-1.27335,0,0,0,0,0
,2018-04-23,16,2.39435,5.6078,0,0,0,0,0
,2018-04-24,16,9.32627,6.22215,0,0,0,0,0
,2018-04-25,16,1.18566,-3.62827,0,0,0,0,0
,2018-04-26,16,0.02505,2.5078,0,0,0,0,0
,2018-04-27,16,0,2.66765,0,0,0,0,0
,2018-04-28,16,0,6.58199,0,0,0,0,0
,2018-04-29,16,0,8.60576,0,0,0,0,0
,2018-04-30,16,0,9.72257,0,0,0,0,0
,2018-05-01,16,2.08692,7.17707,0,0,0,0,0
,2018-05-02,16,28.11986,4.67461,0,0,0,0,0
,2018-05-03,16,17.82801,1.45042,0,0,0,0,0
,2018-05-04,16,0.51577,1.76969,0,0,0,0,0
,2018-05-05,16,0.00161,5.14388,0,0,0,0,0
,2018-05-06,16,0,8.85576,0,0,0,0,0
,2018-05-07,16,0,10.06765,0,0,0,0,0
,2018-05-08,16,0.01852,11.38445,0,0,0,0,0
,2018-05-09,16,0.00049,10.13199,0,0,0,0,0
,2018-05-10,16,0,10.91765,0,0,0,0,0
,2018-05-11,16,0.92303,12.14388,0,0,0,0,0
,2018-05-12,16,2.5136,9.57953,0,0,0,0,0
,2018-05-13,16,11.8188,8.04796,0,0,0,0,0
,2018-05-14,16,1.53815,6.46969,0,0,0,0,0
,2018-05-15,16,0.22317,6.01273,0,0,0,0,0
,2018-05-16,16,0.02361,7.7033,0,0,0,0,0
,2018-05-17,16,0.00049,10.91315,0,0,0,0,0
,2018-05-18,16,3.44082,11.66765,0,0,0,0,0
,2018-05-19,16,13.79411,7.7533,0,0,0,0,0
,2018-05-20,16,3.64399,2.50534,0,0,0,0,0
,2018-05-21,16,0.33539,4.98607,0,0,0,0,0
,2018-05-22,16,3.14964,9.74142,0,0,0,0,0
,2018-05-23,16,1.47098,9.82257,0,0,0,0,0
,2018-05-24,16,0.03703,10.14634,0,0,0,0,0
,2018-05-25,16,0,11.47995,0,0,0,0,0
,2018-05-26,16,0,13.52995,0,0,0,0,0
,2018-05-27,16,0,14.96807,0,0,0,0,0
,2018-05-28,16,0.60763,12.82953,0,0,0,0,0
,2018-05-29,16,0.01622,8.48403,0,0,0,0,0
,2018-05-30,16,1.90157,8.77011,0,0,0,0,0
,2018-05-31,16,0.11216,11.77011,0,0,0,0,0
,2018-06-01,16,0.00162,14.56068,0,0,0,0,0
,2018-06-02,16,0,13.34142,0,0,0,0,0
,2018-06-03,16,0,11.09388,0,0,0,0,0
,2018-06-04,16,0,11.9033,0,0,0,0,0
,2018-06-05,16,0,15.49184,0,0,0,0,0
,2018-06-06,16,0,16.90618,0,0,0,0,0
,2018-06-07,16,0,15.68199,0,0,0,0,0
,2018-06-08,16,0,15.87257,0,0,0,0,0
,2018-06-09,16,0,16.15618,0,0,0,0,0
,2018-06-10,16,0,16.66807,0,0,0,0,0
,2018-06-11,16,0,17.08896,0,0,0,0,0
,2018-06-12,16,0,14.30084,0,0,0,0,0
,2018-06-13,16,0,14.69142,0,0,0,0,0
,2018-06-14,16,0,17.02503,0,0,0,0,0
,2018-06-15,16,1.18972,18.1488,0,0,0,0,0
,2018-06-16,16,3.48164,17.55822,0,0,0,0,0
,2018-06-17,16,27.35619,14.94142,0,0,0,0,0
,2018-06-18,16,4.94485,10.16026,0,0,0,0,0
,2018-06-19,16,0.91425,12.36969,0,0,0,0,0
,2018-06-20,16,0.0214,10.92461,0,0,0,0,0
,2018-06-21,16,0,10.8533,0,0,0,0,0
,2018-06-22,16,0.26482,14.70534,0,0,0,0,0
,2018-06-23,16,0.31093,13.54634,0,0,0,0,0
,2018-06-24,16,2.68501,13.35126,0,0,0,0,0
,2018-06-25,16,0.0878,7.87953,0,0,0,0,0
,2018-06-26,16,0.00043,12.87461,0,0,0,0,0
,2018-06-27,16,0,18.38938,0,0,0,0,0
,2018-06-28,16,0,19.79184,0,0,0,0,0
,2018-06-29,16,0,20.31807,0,0,0,0,0
,2018-06-30,16,1.10876,16.8533,0,0,0,0,0
,2018-07-01,16,0.0296,11.06969,0,0,0,0,0
,2018-07-02,16,0,13.4488,0,0,0,0,0
,2018-07-03,16,0.14059,16.55864,0,0,0,0,0
,2018-07-04,16,0.00375,17.87749,0,0,0,0,0
,2018-07-05,16,0.077,16.90822,0,0,0,0,0
,2018-07-06,16,0.00206,13.95822,0,0,0,0,0
,2018-07-07,16,2.5129,16.36561,0,0,0,0,0
,2018-07-08,16,0.06708,18.82053,0,0,0,0,0
,2018-07-09,16,0,19.21807,0,0,0,0,0
,2018-07-10,16,0,18.12995,0,0,0,0,0
,2018-07-11,16,0,19.33241,0,0,0,0,0
,2018-07-12,16,5.90955,18.76315,0,0,0,0,0
,2018-07-13,16,0.24812,14.52011,0,0,0,0,0
,2018-07-14,16,0.00241,14.96561,0,0,0,0,0
,2018-07-15,16,7.47647,17.87995,0,0,0,0,0
,2018-07-16,16,1.41416,11.55084,0,0,0,0,0
,2018-07-17,16,0.4896,15.37011,0,0,0,0,0
,2018-07-18,16,0.01221,16.57953,0,0,0,0,0
,2018-07-19,16,0,18.17749,0,0,0,0,0
,2018-07-20,16,0,19.08241,0,0,0,0,0
,2018-07-21,16,1.06189,19.22995,0,0,0,0,0
,2018-07-22,16,9.35541,19.63938,0,0,0,0,0
,2018-07-23,16,13.22448,18.45084,0,0,0,0,0
,2018-07-24,16,1.22088,13.44592,0,0,0,0,0
,2018-07-25,16,4.3534,16.26765,0,0,0,0,0
,2018-07-26,16,1.80731,15.76026,0,0,0,0,0
,2018-07-27,16,0.16414,14.21273,0,0,0,0,0
,2018-07-28,16,0.31727,15.44592,0,0,0,0,0
,2018-07-29,16,0.00838,14.76273,0,0,0,0,0
,2018-07-30,16,0.46152,14.541,0,0,0,0,0
,2018-07-31,16,0.02621,10.99634,0,0,0,0,0
,2018-08-01,16,0.00037,13.77503,0,0,0,0,0
,2018-08-02,16,0,14.20126,0,0,0,0,0
,2018-08-03,16,2.50522,17.3488,0,0,0,0,0
,2018-08-04,16,0.96998,13.27749,0,0,0,0,0
,2018-08-05,16,1.86548,17.60618,0,0,0,0,0
,2018-08-06,16,0.04915,15.6533,0,0,0,0,0
,2018-08-07,16,0,14.72461,0,0,0,0,0
,2018-08-08,16,0.54495,14.40372,0,0,0,0,0
,2018-08-09,16,0.01455,14.41315,0,0,0,0,0
,2018-08-10,16,0,15.48241,0,0,0,0,0
,2018-08-11,16,0,15.81807,0,0,0,0,0
,2018-08-12,16,0,15.91111,0,0,0,0,0
,2018-08-13,16,0,16.70372,0,0,0,0,0
,2018-08-14,16,1.69421,16.08938,0,0,0,0,0
,2018-08-15,16,0.04523,14.22749,0,0,0,0,0
,2018-08-16,16,0,16.32257,0,0,0,0,0
,2018-08-17,16,0,16.79388,0,0,0,0,0
,2018-08-18,16,1.69508,16.42995,0,0,0,0,0
,2018-08-19,16,0.64681,11.92257,0,0,0,0,0
,2018-08-20,16,0.64943,9.76519,0,0,0,0,0
,2018-08-21,16,4.03364,11.21765,0,0,0,0,0
,2018-08-22,16,0.18293,11.13896,0,0,0,0,0
,2018-08-23,16,0.3387,13.16765,0,0,0,0,0
,2018-08-24,16,0.00899,13.58692,0,0,0,0,0
,2018-08-25,16,0,16.03692,0,0,0,0,0
,2018-08-26,16,2.05834,17.34184,0,0,0,0,0
,2018-08-27,16,1.94025,17.31273,0,0,0,0,0
,2018-08-28,16,0.05032,13.72953,0,0,0,0,0
,2018-08-29,16,0,12.01969,0,0,0,0,0
,2018-08-30,16,0,14.15372,0,0,0,0,0
,2018-08-31,16,0,17.07257,0,0,0,0,0
,2018-09-01,16,0.08167,16.30576,0,0,0,0,0
,2018-09-02,16,0.30755,13.66315,0,0,0,0,0
,2018-09-03,16,0.00815,13.52503,0,0,0,0,0
,2018-09-04,16,2.58416,12.61315,0,0,0,0,0
,2018-09-05,16,4.89315,13.22953,0,0,0,0,0
,2018-09-06,16,3.10354,11.26969,0,0,0,0,0
,2018-09-07,16,1.20022,10.13199,0,0,0,0,0
,2018-09-08,16,0.02975,11.02503,0,0,0,0,0
,2018-09-09,16,0.00742,13.23445,0,0,0,0,0
,2018-09-10,16,0.0002,14.56561,0,0,0,0,0
,2018-09-11,16,0,15.33487,0,0,0,0,0
,2018-09-12,16,0,16.40372,0,0,0,0,0
,2018-09-13,16,0,17.22953,0,0,0,0,0
,2018-09-14,16,0,18.43896,0,0,0,0,0
,2018-09-15,16,0,16.7943,0,0,0,0,0
,2018-09-16,16,0,17.25618,0,0,0,0,0
,2018-09-17,16,0.38377,18.27257,0,0,0,0,0
,2018-09-18,16,0.01024,17.18692,0,0,0,0,0
,2018-09-19,16,2.21496,17.24634,0,0,0,0,0
,2018-09-20,16,0.55597,15.69838,0,0,0,0,0
,2018-09-21,16,0.01327,10.18938,0,0,0,0,0
,2018-09-22,16,0,9.81765,0,0,0,0,0
,2018-09-23,16,0,13.85126,0,0,0,0,0
,2018-09-24,16,1.31239,14.94388,0,0,0,0,0
,2018-09-25,16,0.03503,9.92461,0,0,0,0,0
,2018-09-26,16,0,5.96026,0,0,0,0,0
,2018-09-27,16,0,7.1533,0,0,0,0,0
,2018-09-28,16,0,10.54838,0,0,0,0,0
,2018-09-29,16,0,8.63769,0,0,0,0,0
,2018-09-30,16,0,14.18403,0,0,0,0,0
,2018-10-01,16,0,12.60204,0,0,0,0,0
,2018-10-02,16,0.15983,11.75984,0,0,0,0,0
,2018-10-03,16,1.64618,12.74142,0,0,0,0,0
,2018-10-04,16,3.89965,10.99838,0,0,0,0,0
,2018-10-05,16,3.09029,8.48854,0,0,0,0,0
,2018-10-06,16,1.5266,5.66273,0,0,0,0,0
,2018-10-07,16,4.08744,1.98854,0,0,0,0,0
,2018-10-08,16,4.74371,3.11435,0,0,0,0,0
,2018-10-09,16,3.91881,-1.909,0,0,0,0,0
,2018-10-10,16,7.33157,-2.38523,0,0,0,0,0
,2018-10-11,16,2.34888,-3.92581,0,0,0,0,0
,2018-10-12,16,0.22189,0.04304,0,0,0,0,0
,2018-10-13,16,8.55173,3.04838,0,0,0,0,0
,2018-10-14,16,5.61244,0.6078,0,0,0,0,0
,2018-10-15,16,0.14373,-10.0422,0,0,0,0,0
,2018-10-16,16,0.06714,-6.73685,0,0,0,0,0
,2018-10-17,16,0.00179,-0.88685,0,0,0,0,0
,2018-10-18,16,0,0.8988,0,0,0,0,0
,2018-10-19,16,0,4.53199,0,0,0,0,0
,2018-10-20,16,0.02315,4.87257,0,0,0,0,0
,2018-10-21,16,0.00062,6.19634,0,0,0,0,0
,2018-10-22,16,0,7.66561,0,0,0,0,0
,2018-10-23,16,0,7.50576,0,0,0,0,0
,2018-10-24,16,0,6.67215,0,0,0,0,0
,2018-10-25,16,0,5.76519,0,0,0,0,0
,2018-10-26,16,0,5.27011,0,0,0,0,0
,2018-10-27,16,0,5.58445,0,0,0,0,0
,2018-10-28,16,0,7.04142,0,0,0,0,0
,2018-10-29,16,0,8.7533,0,0,0,0,0
,2018-10-30,16,11.25588,7.54388,0,0,0,0,0
,2018-10-31,16,0.86569,-2.41843,0,0,0,0,0
,2018-11-01,16,1.91316,-2.56104,0,0,0,0,0
,2018-11-02,16,6.0869,-1.3012,0,0,0,0,0
,2018-11-03,16,3.80009,1.69634,0,0,0,0,0
,2018-11-04,16,2.11689,-0.75366,0,0,0,0,0
,2018-11-05,16,3.01901,-0.84178,0,0,0,0,0
,2018-11-06,16,0.07913,-2.26308,0,0,0,0,0
,2018-11-07,16,0.35031,-4.66555,0,0,0,0,0
,2018-11-08,16,0.05565,-6.54382,0,0,0,0,0
,2018-11-09,16,0.03596,-7.6602,0,0,0,0,0
,2018-11-10,16,3.30289,-5.06555,0,0,0,0,0
,2018-11-11,16,7.17678,-2.31801,0,0,0,0,0
,2018-11-12,16,1.31004,-11.1967,0,0,0,0,0
,2018-11-13,16,0.08548,-12.06308,0,0,0,0,0
,2018-11-14,16,0.00148,-2.85366,0,0,0,0,0
,2018-11-15,16,0,1.50618,0,0,0,0,0
,2018-11-16,16,0.01823,3.02953,0,0,0,0,0
,2018-11-17,16,6.02339,1.42257,0,0,0,0,0
,2018-11-18,16,0.16079,-7.94754,0,0,0,0,0
,2018-11-19,16,0.0301,-4.7422,0,0,0,0,0
,2018-11-20,16,0.0008,-1.7467,0,0,0,0,0
,2018-11-21,16,0,1.26765,0,0,0,0,0
,2018-11-22,16,0.47326,2.67503,0,0,0,0,0
,2018-11-23,16,1.60913,1.7488,0,0,0,0,0
,2018-11-24,16,10.6211,-2.47497,0,0,0,0,0
,2018-11-25,16,0.35259,-4.53932,0,0,0,0,0
,2018-11-26,16,0.06211,-8.21062,0,0,0,0,0
,2018-11-27,16,0.08958,-4.39382,0,0,0,0,0
,2018-11-28,16,0.00929,0.60822,0,0,0,0,0
,2018-11-29,16,1.60067,1.08896,0,0,0,0,0
,2018-11-30,16,0.04272,-1.71555,0,0,0,0,0
,2018-12-01,16,0,-2.73235,0,0,0,0,0
,2018-12-02,16,0.7843,-7.06062,0,0,0,0,0
,2018-12-03,16,1.03385,-9.90816,0,0,0,0,0
,2018-12-04,16,0.08705,-10.77497,0,0,0,0,0
,2018-12-05,16,3.07254,-10.3012,0,0,0,0,0
,2018-12-06,16,0.42225,-5.45162,0,0,0,0,0
,2018-12-07,16,0.0091,-7.55204,0,0,0,0,0
,2018-12-08,16,0,-4.00162,0,0,0,0,0
,2018-12-09,16,0,-3.18727,0,0,0,0,0
,2018-12-10,16,0,-5.01555,0,0,0,0,0
,2018-12-11,16,0,0.40576,0,0,0,0,0
,2018-12-12,16,1.35378,0.23199,0,0,0,0,0
,2018-12-13,16,0.09599,-4.30366,0,0,0,0,0
,2018-12-14,16,0.00161,-5.97539,0,0,0,0,0
,2018-12-15,16,0,1.39592,0,0,0,0,0
,2018-12-16,16,0,1.56273,0,0,0,0,0
,2018-12-17,16,0,2.58692,0,0,0,0,0
,2018-12-18,16,0.19672,2.32299,0,0,0,0,0
,2018-12-19,16,2.90858,-0.10366,0,0,0,0,0
,2018-12-20,16,0.21586,-4.32743,0,0,0,0,0
,2018-12-21,16,0.36369,-3.21308,0,0,0,0,0
,2018-12-22,16,0.8569,0.73199,0,0,0,0,0
,2018-12-23,16,0.16712,-6.34178,0,0,0,0,0
,2018-12-24,16,0.27681,-4.3512,0,0,0,0,0
,2018-12-25,16,0.33445,-5.03889,0,0,0,0,0
,2018-12-26,16,0.03516,-4.63932,0,0,0,0,0
,2018-12-27,16,0.00071,-4.52047,0,0,0,0,0
,2018-12-28,16,0,-12.31801,0,0,0,0,0
,2018-12-29,16,0.20006,-15.54424,0,0,0,0,0
,2018-12-30,16,0.81806,-9.72785,0,0,0,0,0
,2018-12-31,16,1.21,-3.74424,0,0,0,0,0
,2019-01-01,16,0.03172,-15.95162,0,0,0,0,0
,2019-01-02,16,0,-14.76639,0,0,0,0,0
,2019-01-03,16,0.08103,-7.16308,0,0,0,0,0
,2019-01-04,16,0.00216,-0.14382,0,0,0,0,0
,2019-01-05,16,0,4.05576,0,0,0,0,0
,2019-01-06,16,1.30456,4.05576,0,0,0,0,0
,2019-01-07,16,4.26618,-1.13932,0,0,0,0,0
,2019-01-08,16,0.11295,-4.61062,0,0,0,0,0
,2019-01-09,16,0.02315,-2.53685,0,0,0,0,0
,2019-01-10,16,2.92205,1.10126,0,0,0,0,0
,2019-01-11,16,14.16592,2.52461,0,0,0,0,0
,2019-01-12,16,0.37606,-4.63727,0,0,0,0,0
,2019-01-13,16,0,-7.52251,0,0,0,0,0
,2019-01-14,16,0,-7.99136,0,0,0,0,0
,2019-01-15,16,0.03241,-4.53193,0,0,0,0,0
,2019-01-16,16,1.9933,-1.07743,0,0,0,0,0
,2019-01-17,16,1.41983,-1.09628,0,0,0,0,0
,2019-01-18,16,2.25245,0.56068,0,0,0,0,0
,2019-01-19,16,0.27136,-4.91351,0,0,0,0,0
,2019-01-20,16,0.00566,-4.07251,0,0,0,0,0
,2019-01-21,16,7.11841,1.69388,0,0,0,0,0
,2019-01-22,16,2.29264,-2.0467,0,0,0,0,0
,2019-01-23,16,1.14446,-9.99178,0,0,0,0,0
,2019-01-24,16,6.71767,-8.16759,0,0,0,0,0
,2019-01-25,16,0.37941,-10.19424,0,0,0,0,0
,2019-01-26,16,0.37972,-7.72497,0,0,0,0,0
,2019-01-27,16,1.67697,-5.77005,0,0,0,0,0
,2019-01-28,16,1.81086,-3.31801,0,0,0,0,0
,2019-01-29,16,0.04715,-9.13974,0,0,0,0,0
,2019-01-30,16,0.02084,-8.19424,0,0,0,0,0
,2019-01-31,16,0.00056,-4.13439,0,0,0,0,0
,2019-02-01,16,0,-0.80858,0,0,0,0,0
,2019-02-02,16,0,1.6488,0,0,0,0,0
,2019-02-03,16,1.52817,1.5033,0,0,0,0,0
,2019-02-04,16,0.04745,1.91765,0,0,0,0,0
,2019-02-05,16,0.06964,0.50534,0,0,0,0,0
,2019-02-06,16,3.78203,-1.75858,0,0,0,0,0
,2019-02-07,16,0.40931,-12.77377,0,0,0,0,0
,2019-02-08,16,0.41258,-15.9422,0,0,0,0,0
,2019-02-09,16,0.01079,-7.62293,0,0,0,0,0
,2019-02-10,16,0,-4.61351,0,0,0,0,0
,2019-02-11,16,0,-4.86843,0,0,0,0,0
,2019-02-12,16,0.2229,-7.52497,0,0,0,0,0
,2019-02-13,16,4.95229,-5.09874,0,0,0,0,0
,2019-02-14,16,11.35503,0.7988,0,0,0,0,0
,2019-02-15,16,2.84098,-0.40654,0,0,0,0,0
,2019-02-16,16,1.19269,-2.32047,0,0,0,0,0
,2019-02-17,16,0.9856,-7.12989,0,0,0,0,0
,2019-02-18,16,0.02559,-11.87497,0,0,0,0,0
,2019-02-19,16,0.34104,-15.059,0,0,0,0,0
,2019-02-20,16,0.0091,-13.37785,0,0,0,0,0
,2019-02-21,16,1.80189,-13.10816,0,0,0,0,0
,2019-02-22,16,3.35451,-11.91308,0,0,0,0,0
,2019-02-23,16,0.10215,-8.13073,0,0,0,0,0
,2019-02-24,16,0.09162,-8.94178,0,0,0,0,0
,2019-02-25,16,0.09552,-6.71308,0,0,0,0,0
,2019-02-26,16,0.47479,-1.64916,0,0,0,0,0
,2019-02-27,16,0.18633,1.16026,0,0,0,0,0
,2019-02-28,16,0.47566,0.64058,0,0,0,0,0
,2019-03-01,16,5.71868,1.14838,0,0,0,0,0
,2019-03-02,16,12.62719,-2.42539,0,0,0,0,0
,2019-03-03,16,7.49418,-9.56231,0,0,0,0,0
,2019-03-04,16,1.07095,-11.81273,0,0,0,0,0
,2019-03-05,16,0.34031,-10.16927,0,0,0,0,0
,2019-03-06,16,10.85698,-5.91393,0,0,0,0,0
,2019-03-07,16,2.85432,1.49796,0,0,0,0,0
,2019-03-08,16,2.56231,-0.43235,0,0,0,0,0
,2019-03-09,16,0.18993,-0.83235,0,0,0,0,0
,2019-03-10,16,0.0033,-5.41308,0,0,0,0,0
,2019-03-11,16,2.50521,-3.44916,0,0,0,0,0
,2019-03-12,16,6.61986,-2.27989,0,0,0,0,0
,2019-03-13,16,32.78743,2.30822,0,0,0,0,0
,2019-03-14,16,0.87056,-5.28031,0,0,0,0,0
,2019-03-15,16,0.26832,-7.66351,0,0,0,0,0
,2019-03-16,16,0.00716,-5.19916,0,0,0,0,0
,2019-03-17,16,0,-1.91801,0,0,0,0,0
,2019-03-18,16,0,-0.46843,0,0,0,0,0
,2019-03-19,16,0,-1.16104,0,0,0,0,0
,2019-03-20,16,0,-4.0512,0,0,0,0,0
,2019-03-21,16,0.84414,-1.21759,0,0,0,0,0
,2019-03-22,16,1.58681,0.86068,0,0,0,0,0
,2019-03-23,16,0.79532,1.1033,0,0,0,0,0
,2019-03-24,16,0.86272,-0.20612,0,0,0,0,0
,2019-03-25,16,0.02249,1.03403,0,0,0,0,0
,2019-03-26,16,0.02084,0.49634,0,0,0,0,0
,2019-03-27,16,0.00056,5.00822,0,0,0,0,0
,2019-03-28,16,0.52632,8.13649,0,0,0,0,0
,2019-03-29,16,5.25862,5.35288,0,0,0,0,0
,2019-03-30,16,1.66896,-1.34016,0,0,0,0,0
,2019-03-31,16,0.07321,-6.57251,0,0,0,0,0
,2019-04-01,16,0.24891,-4.57251,0,0,0,0,0
,2019-04-02,16,1.84703,-1.02743,0,0,0,0,0
,2019-04-03,16,0.05169,0.02215,0,0,0,0,0
,2019-04-04,16,0.00006,2.22461,0,0,0,0,0
,2019-04-05,16,0,3.88896,0,0,0,0,0
,2019-04-06,16,0.54783,5.20576,0,0,0,0,0
,2019-04-07,16,0.01462,4.65576,0,0,0,0,0
,2019-04-08,16,0.35303,4.51315,0,0,0,0,0
,2019-04-09,16,0.00942,7.26765,0,0,0,0,0
,2019-04-10,16,16.34937,8.59592,0,0,0,0,0
,2019-04-11,16,2.47248,-4.29712,0,0,0,0,0
,2019-04-12,16,2.93369,-6.94178,0,0,0,0,0
,2019-04-13,16,1.24447,-5.12785,0,0,0,0,0
,2019-04-14,16,0.08442,-3.56597,0,0,0,0,0
,2019-04-15,16,0.00142,1.10576,0,0,0,0,0
,2019-04-16,16,0.03712,5.81519,0,0,0,0,0
,2019-04-17,16,0.49996,4.93649,0,0,0,0,0
,2019-04-18,16,0.61391,4.16273,0,0,0,0,0
,2019-04-19,16,0.01603,3.23649,0,0,0,0,0
,2019-04-20,16,0,7.70084,0,0,0,0,0
,2019-04-21,16,4.94134,10.72461,0,0,0,0,0
,2019-04-22,16,2.15582,5.69838,0,0,0,0,0
,2019-04-23,16,0.05865,0.21969,0,0,0,0,0
,2019-04-24,16,0.42923,3.86519,0,0,0,0,0
,2019-04-25,16,0.01145,6.5033,0,0,0,0,0
,2019-04-26,16,5.47676,4.67215,0,0,0,0,0
,2019-04-27,16,0.63327,7.90084,0,0,0,0,0
,2019-04-28,16,6.99157,5.8533,0,0,0,0,0
,2019-04-29,16,13.8229,4.94592,0,0,0,0,0
,2019-04-30,16,5.34459,-4.26639,0,0,0,0,0
,2019-05-01,16,1.82932,-0.23565,0,0,0,0,0
,2019-05-02,16,0.26858,-1.50408,0,0,0,0,0
,2019-05-03,16,0.00596,0.74142,0,0,0,0,0
,2019-05-04,16,0.01852,4.45576,0,0,0,0,0
,2019-05-05,16,0.00049,5.91765,0,0,0,0,0
,2019-05-06,16,2.00477,7.21519,0,0,0,0,0
,2019-05-07,16,3.93976,7.39838,0,0,0,0,0
,2019-05-08,16,23.46937,3.76723,0,0,0,0,0
,2019-05-09,16,10.11753,-1.9422,0,0,0,0,0
,2019-05-10,16,1.64223,-4.37293,0,0,0,0,0
,2019-05-11,16,0.03706,-0.94916,0,0,0,0,0
,2019-05-12,16,0,2.90576,0,0,0,0,0
,2019-05-13,16,0,6.94142,0,0,0,0,0
,2019-05-14,16,0,9.7988,0,0,0,0,0
,2019-05-15,16,0.01621,10.30126,0,0,0,0,0
,2019-05-16,16,0.00043,11.14184,0,0,0,0,0
,2019-05-17,16,1.78484,10.8988,0,0,0,0,0
,2019-05-18,16,0.04774,5.11273,0,0,0,0,0
,2019-05-19,16,9.80808,2.66765,0,0,0,0,0
,2019-05-20,16,14.13211,1.81231,0,0,0,0,0
,2019-05-21,16,3.50079,-1.82581,0,0,0,0,0
,2019-05-22,16,8.46738,-0.67089,0,0,0,0,0
,2019-05-23,16,2.99928,-0.14958,0,0,0,0,0
,2019-05-24,16,0.26673,-0.53031,0,0,0,0,0
,2019-05-25,16,0.00514,4.25822,0,0,0,0,0
,2019-05-26,16,2.13152,6.72257,0,0,0,0,0
,2019-05-27,16,6.76499,7.97461,0,0,0,0,0
,2019-05-28,16,2.50856,5.68649,0,0,0,0,0
,2019-05-29,16,2.44047,2.93649,0,0,0,0,0
,2019-05-30,16,0.19601,1.63199,0,0,0,0,0
,2019-05-31,16,0.56731,4.59634,0,0,0,0,0
,2019-06-01,16,0.6505,8.88445,0,0,0,0,0
,2019-06-02,16,0.46085,9.50576,0,0,0,0,0
,2019-06-03,16,0.35371,10.77257,0,0,0,0,0
,2019-06-04,16,0.21973,10.88692,0,0,0,0,0
,2019-06-05,16,6.51193,10.96068,0,0,0,0,0
,2019-06-06,16,2.71089,10.16315,0,0,0,0,0
,2019-06-07,16,1.40341,12.02749,0,0,0,0,0
,2019-06-08,16,0.90077,12.89184,0,0,0,0,0
,2019-06-09,16,0.02309,10.62215,0,0,0,0,0
,2019-06-10,16,0,4.56519,0,0,0,0,0
,2019-06-11,16,0,8.74634,0,0,0,0,0
,2019-06-12,16,0,10.77953,0,0,0,0,0
,2019-06-13,16,0,9.38199,0,0,0,0,0
,2019-06-14,16,0.6062,13.1943,0,0,0,0,0
,2019-06-15,16,2.3834,12.93445,0,0,0,0,0
,2019-06-16,16,4.16626,9.83692,0,0,0,0,0
,2019-06-17,16,8.60461,11.03199,0,0,0,0,0
,2019-06-18,16,1.84729,9.83199,0,0,0,0,0
,2019-06-19,16,1.58933,8.89634,0,0,0,0,0
,2019-06-20,16,0.6651,11.56068,0,0,0,0,0
,2019-06-21,16,16.75751,12.81273,0,0,0,0,0
,2019-06-22,16,9.12794,5.60084,0,0,0,0,0
,2019-06-23,16,3.88987,4.4578,0,0,0,0,0
,2019-06-24,16,0.09765,4.07257,0,0,0,0,0
,2019-06-25,16,0,10.65822,0,0,0,0,0
,2019-06-26,16,0,12.88938,0,0,0,0,0
,2019-06-27,16,0,14.81807,0,0,0,0,0
,2019-06-28,16,1.29263,15.9488,0,0,0,0,0
,2019-06-29,16,0.03451,17.21807,0,0,0,0,0
,2019-06-30,16,8.26664,16.87749,0,0,0,0,0
,2019-07-01,16,6.90959,16.87011,0,0,0,0,0
,2019-07-02,16,1.50668,14.82707,0,0,0,0,0
,2019-07-03,16,0.03545,13.85822,0,0,0,0,0
,2019-07-04,16,0.90552,16.36315,0,0,0,0,0
,2019-07-05,16,0.02451,15.0533,0,0,0,0,0
,2019-07-06,16,0.02227,14.36273,0,0,0,0,0
,2019-07-07,16,2.46427,13.14142,0,0,0,0,0
,2019-07-08,16,0.06577,14.4988,0,0,0,0,0
,2019-07-09,16,0.01389,13.43199,0,0,0,0,0
,2019-07-10,16,0.00037,13.83692,0,0,0,0,0
,2019-07-11,16,0.71429,14.42953,0,0,0,0,0
,2019-07-12,16,0.03392,18.27995,0,0,0,0,0
,2019-07-13,16,0.0004,17.20372,0,0,0,0,0
,2019-07-14,16,0.26346,18.33938,0,0,0,0,0
,2019-07-15,16,4.94969,17.61068,0,0,0,0,0
,2019-07-16,16,0.13194,17.00822,0,0,0,0,0
,2019-07-17,16,0,17.60372,0,0,0,0,0
,2019-07-18,16,0,18.68692,0,0,0,0,0
,2019-07-19,16,0,18.77995,0,0,0,0,0
,2019-07-20,16,9.60748,21.41273,0,0,0,0,0
,2019-07-21,16,2.79621,16.56519,0,0,0,0,0
,2019-07-22,16,9.43765,15.35084,0,0,0,0,0
,2019-07-23,16,1.58393,14.3033,0,0,0,0,0
,2019-07-24,16,1.18822,15.58938,0,0,0,0,0
,2019-07-25,16,5.15834,18.38938,0,0,0,0,0
,2019-07-26,16,0.42467,16.27995,0,0,0,0,0
,2019-07-27,16,1.46968,17.13241,0,0,0,0,0
,2019-07-28,16,0.03903,16.4488,0,0,0,0,0
,2019-07-29,16,0,15.77503,0,0,0,0,0
,2019-07-30,16,0,16.79184,0,0,0,0,0
,2019-07-31,16,0.77601,18.55864,0,0,0,0,0
,2019-08-01,16,14.8075,17.54142,0,0,0,0,0
,2019-08-02,16,5.99716,15.08199,0,0,0,0,0
,2019-08-03,16,0.14958,15.72257,0,0,0,0,0
,2019-08-04,16,2.76271,17.02995,0,0,0,0,0
,2019-08-05,16,0.37093,17.11315,0,0,0,0,0
,2019-08-06,16,0.00793,16.14388,0,0,0,0,0
,2019-08-07,16,0.56588,17.67995,0,0,0,0,0
,2019-08-08,16,13.93206,16.96765,0,0,0,0,0
,2019-08-09,16,0.6063,14.33445,0,0,0,0,0
,2019-08-10,16,2.198,16.67995,0,0,0,0,0
,2019-08-11,16,7.91698,14.75126,0,0,0,0,0
,2019-08-12,16,0.20977,13.8488,0,0,0,0,0
,2019-08-13,16,0,15.00372,0,0,0,0,0
,2019-08-14,16,0,15.07995,0,0,0,0,0
,2019-08-15,16,0,15.46561,0,0,0,0,0
,2019-08-16,16,0,16.63487,0,0,0,0,0
,2019-08-17,16,0.00232,16.7488,0,0,0,0,0
,2019-08-18,16,0.00006,15.38445,0,0,0,0,0
,2019-08-19,16,0,16.60576,0,0,0,0,0
,2019-08-20,16,0,18.51807,0,0,0,0,0
,2019-08-21,16,2.39309,18.22749,0,0,0,0,0
,2019-08-22,16,0.07873,13.93199,0,0,0,0,0
,2019-08-23,16,0.0004,15.23692,0,0,0,0,0
,2019-08-24,16,0,14.67257,0,0,0,0,0
,2019-08-25,16,0,14.51068,0,0,0,0,0
,2019-08-26,16,0,17.97707,0,0,0,0,0
,2019-08-27,16,0,13.23157,0,0,0,0,0
,2019-08-28,16,0,10.67953,0,0,0,0,0
,2019-08-29,16,0,14.92791,0,0,0,0,0
,2019-08-30,16,0,15.62011,0,0,0,0,0
,2019-08-31,16,0,15.57011,0,0,0,0,0
,2019-09-01,16,0,17.03692,0,0,0,0,0
,2019-09-02,16,0,18.37299,0,0,0,0,0
,2019-09-03,16,0.56384,19.43487,0,0,0,0,0
,2019-09-04,16,0.01505,15.88896,0,0,0,0,0
,2019-09-05,16,2.57076,17.65822,0,0,0,0,0
,2019-09-06,16,7.7168,18.30126,0,0,0,0,0
,2019-09-07,16,0.20416,14.49388,0,0,0,0,0
,2019-09-08,16,7.72271,13.46068,0,0,0,0,0
,2019-09-09,16,0.20615,12.06026,0,0,0,0,0
,2019-09-10,16,0.37952,12.11068,0,0,0,0,0
,2019-09-11,16,1.59705,12.37257,0,0,0,0,0
,2019-09-12,16,0.04236,10.90084,0,0,0,0,0
,2019-09-13,16,0.53728,8.12749,0,0,0,0,0
,2019-09-14,16,0.01434,10.12257,0,0,0,0,0
,2019-09-15,16,0.04862,13.45372,0,0,0,0,0
,2019-09-16,16,0.0013,14.62995,0,0,0,0,0
,2019-09-17,16,0,15.78938,0,0,0,0,0
,2019-09-18,16,0.13069,14.01068,0,0,0,0,0
,2019-09-19,16,0.00349,11.81068,0,0,0,0,0
,2019-09-20,16,0,12.59634,0,0,0,0,0
,2019-09-21,16,0,12.91765,0,0,0,0,0
,2019-09-22,16,0,8.48896,0,0,0,0,0
,2019-09-23,16,0,7.97953,0,0,0,0,0
,2019-09-24,16,0,11.20618,0,0,0,0,0
,2019-09-25,16,0,13.09634,0,0,0,0,0
,2019-09-26,16,0,12.01519,0,0,0,0,0
,2019-09-27,16,7.19276,13.80084,0,0,0,0,0
,2019-09-28,16,0.19106,10.79346,0,0,0,0,0
,2019-09-29,16,0,8.6533,0,0,0,0,0
,2019-09-30,16,0.13881,12.66068,0,0,0,0,0
,2019-10-01,16,0.81071,9.22215,0,0,0,0,0
,2019-10-02,16,0.02149,5.52869,0,0,0,0,0
,2019-10-03,16,0,4.82215,0,0,0,0,0
,2019-10-04,16,0,6.13157,0,0,0,0,0
,2019-10-05,16,0,8.88649,0,0,0,0,0
,2019-10-06,16,0,5.18199,0,0,0,0,0
,2019-10-07,16,0,3.62461,0,0,0,0,0
,2019-10-08,16,0,8.51519,0,0,0,0,0
,2019-10-09,16,2.26111,11.46765,0,0,0,0,0
,2019-10-10,16,4.29952,4.85534,0,0,0,0,0
,2019-10-11,16,0.11315,-9.04466,0,0,0,0,0
,2019-10-12,16,0,-5.31801,0,0,0,0,0
,2019-10-13,16,0,3.83199,0,0,0,0,0
,2019-10-14,16,0,5.76068,0,0,0,0,0
,2019-10-15,16,0,6.64838,0,0,0,0,0
,2019-10-16,16,0,5.31723,0,0,0,0,0
,2019-10-17,16,0,10.08445,0,0,0,0,0
,2019-10-18,16,0.10283,10.61315,0,0,0,0,0
,2019-10-19,16,3.08545,3.15576,0,0,0,0,0
,2019-10-20,16,5.29827,1.54142,0,0,0,0,0
,2019-10-21,16,3.85228,-4.35366,0,0,0,0,0
,2019-10-22,16,2.68942,-4.00816,0,0,0,0,0
,2019-10-23,16,20.83976,-0.30324,0,0,0,0,0
,2019-10-24,16,1.2028,-3.4012,0,0,0,0,0
,2019-10-25,16,0.08676,-5.44424,0,0,0,0,0
,2019-10-26,16,0.64551,2.34634,0,0,0,0,0
,2019-10-27,16,6.22285,1.40084,0,0,0,0,0
,2019-10-28,16,2.75231,-11.49712,0,0,0,0,0
,2019-10-29,16,8.31556,-11.18727,0,0,0,0,0
,2019-10-30,16,2.11523,-17.13277,0,0,0,0,0
,2019-10-31,16,0.07325,-14.92293,0,0,0,0,0
,2019-11-01,16,0.00062,-2.51555,0,0,0,0,0
,2019-11-02,16,0.01621,-4.50162,0,0,0,0,0
,2019-11-03,16,0.00043,0.78445,0,0,0,0,0
,2019-11-04,16,0,2.59142,0,0,0,0,0
,2019-11-05,16,0,1.53403,0,0,0,0,0
,2019-11-06,16,0.04306,3.31765,0,0,0,0,0
,2019-11-07,16,0.00115,1.37665,0,0,0,0,0
,2019-11-08,16,0,-0.33277,0,0,0,0,0
,2019-11-09,16,0,5.24634,0,0,0,0,0
,2019-11-10,16,1.25802,7.90126,0,0,0,0,0
,2019-11-11,16,0.03358,0.29346,0,0,0,0,0
,2019-11-12,16,0,-7.64262,0,0,0,0,0
,2019-11-13,16,0,0.22053,0,0,0,0,0
,2019-11-14,16,0,0.75822,0,0,0,0,0
,2019-11-15,16,0.01621,0.37953,0,0,0,0,0
,2019-11-16,16,0.65288,6.50126,0,0,0,0,0
,2019-11-17,16,0.01735,1.72953,0,0,0,0,0
,2019-11-18,16,0,1.43896,0,0,0,0,0
,2019-11-19,16,0.01621,4.86561,0,0,0,0,0
,2019-11-20,16,7.87827,6.48692,0,0,0,0,0
,2019-11-21,16,4.42485,-1.0922,0,0,0,0,0
,2019-11-22,16,0.66919,-6.37377,0,0,0,0,0
,2019-11-23,16,0.0149,-3.82785,0,0,0,0,0
,2019-11-24,16,0,0.86068,0,0,0,0,0
,2019-11-25,16,17.97211,1.63692,0,0,0,0,0
,2019-11-26,16,8.88437,-5.63481,0,0,0,0,0
,2019-11-27,16,0.67654,-13.57743,0,0,0,0,0
,2019-11-28,16,0.01208,-9.66843,0,0,0,0,0
,2019-11-29,16,3.51676,-0.98361,0,0,0,0,0
,2019-11-30,16,2.40592,-2.49466,0,0,0,0,0
,2019-12-01,16,0.10506,-8.86308,0,0,0,0,0
,2019-12-02,16,0.59513,-3.05858,0,0,0,0,0
,2019-12-03,16,0.37205,2.03199,0,0,0,0,0
,2019-12-04,16,0.09286,-0.10816,0,0,0,0,0
,2019-12-05,16,4.78202,0.86561,0,0,0,0,0
,2019-12-06,16,0.12759,-2.26597,0,0,0,0,0
,2019-12-07,16,0.07872,-0.66555,0,0,0,0,0
,2019-12-08,16,3.47827,2.47503,0,0,0,0,0
,2019-12-09,16,0.53956,-1.27989,0,0,0,0,0
,2019-12-10,16,0.89146,-5.94424,0,0,0,0,0
,2019-12-11,16,0.02348,-5.00612,0,0,0,0,0
,2019-12-12,16,3.28056,-0.52701,0,0,0,0,0
,2019-12-13,16,5.48519,-1.73193,0,0,0,0,0
,2019-12-14,16,7.47025,-5.20366,0,0,0,0,0
,2019-12-15,16,0.19557,-6.51104,0,0,0,0,0
,2019-12-16,16,0,-10.91308,0,0,0,0,0
,2019-12-17,16,0,-12.77701,0,0,0,0,0
,2019-12-18,16,0,-8.04874,0,0,0,0,0
,2019-12-19,16,0,-0.52947,0,0,0,0,0
,2019-12-20,16,0,-3.56062,0,0,0,0,0
,2019-12-21,16,0,-1.50858,0,0,0,0,0
,2019-12-22,16,0,4.40576,0,0,0,0,0
,2019-12-23,16,0,5.47749,0,0,0,0,0
,2019-12-24,16,0,5.03692,0,0,0,0,0
,2019-12-25,16,0,0.88445,0,0,0,0,0
,2019-12-26,16,0,-3.50816,0,0,0,0,0
,2019-12-27,16,0.8857,-7.69136,0,0,0,0,0
,2019-12-28,16,4.16008,-6.38932,0,0,0,0,0
,2019-12-29,16,0.11042,-10.89424,0,0,0,0,0
,2019-12-30,16,0,-12.42743,0,0,0,0,0
,2019-12-31,16,0.34687,-9.87251,0,0,0,0,0
,2020-01-01,16,2.71088,-5.12947,0,0,0,0,0
,2020-01-02,16,0.07211,-3.63193,0,0,0,0,0
,2020-01-03,16,0.7882,-5.48193,0,0,0,0,0
,2020-01-04,16,0.3945,-5.41062,0,0,0,0,0
,2020-01-05,16,1.52182,0.96807,0,0,0,0,0
,2020-01-06,16,1.52299,-3.68727,0,0,0,0,0
,2020-01-07,16,0.10872,-7.3557,0,0,0,0,0
,2020-01-08,16,0.47424,-1.47701,0,0,0,0,0
,2020-01-09,16,0.28333,-0.86062,0,0,0,0,0
,2020-01-10,16,0.00723,-6.18932,0,0,0,0,0
,2020-01-11,16,0.69432,-9.51351,0,0,0,0,0
,2020-01-12,16,0.6121,-6.70858,0,0,0,0,0
,2020-01-13,16,0.9543,-8.22251,0,0,0,0,0
,2020-01-14,16,0.44572,-7.25366,0,0,0,0,0
,2020-01-15,16,0.01124,-3.29874,0,0,0,0,0
,2020-01-16,16,0.57872,-6.17251,0,0,0,0,0
,2020-01-17,16,3.42218,-3.09424,0,0,0,0,0
,2020-01-18,16,0.18584,-5.02497,0,0,0,0,0
,2020-01-19,16,0.00255,-6.98685,0,0,0,0,0
,2020-01-20,16,0.06251,-5.17701,0,0,0,0,0
,2020-01-21,16,0.74794,-1.50324,0,0,0,0,0
,2020-01-22,16,0.4336,0.90822,0,0,0,0,0
,2020-01-23,16,1.6919,-4.42005,0,0,0,0,0
,2020-01-24,16,0.04487,-5.42497,0,0,0,0,0
,2020-01-25,16,0.02778,-1.15816,0,0,0,0,0
,2020-01-26,16,0.00074,-1.58685,0,0,0,0,0
,2020-01-27,16,0,-0.69424,0,0,0,0,0
,2020-01-28,16,0,-3.14178,0,0,0,0,0
,2020-01-29,16,0,-4.93685,0,0,0,0,0
,2020-01-30,16,0,-5.12743,0,0,0,0,0
,2020-01-31,16,0.00232,-7.25366,0,0,0,0,0
,2020-02-01,16,0.051,-4.62497,0,0,0,0,0
,2020-02-02,16,0.06272,1.33938,0,0,0,0,0
,2020-02-03,16,5.21703,2.20084,0,0,0,0,0
,2020-02-04,16,1.82117,-13.11843,0,0,0,0,0
,2020-02-05,16,0.42905,-18.37989,0,0,0,0,0
,2020-02-06,16,5.95427,-14.10612,0,0,0,0,0
,2020-02-07,16,17.24537,-8.82251,0,0,0,0,0
,2020-02-08,16,4.06118,-7.2922,0,0,0,0,0
,2020-02-09,16,5.9709,-2.38932,0,0,0,0,0
,2020-02-10,16,4.71868,-9.45654,0,0,0,0,0
,2020-02-11,16,1.09302,-9.96351,0,0,0,0,0
,2020-02-12,16,3.14017,-11.32047,0,0,0,0,0
,2020-02-13,16,1.26876,-8.38235,0,0,0,0,0
,2020-02-14,16,0.58225,-8.37539,0,0,0,0,0
,2020-02-15,16,0.22913,-0.70366,0,0,0,0,0
,2020-02-16,16,8.50281,-2.67539,0,0,0,0,0
,2020-02-17,16,4.55066,-1.98932,0,0,0,0,0
,2020-02-18,16,0.29101,-7.93685,0,0,0,0,0
,2020-02-19,16,2.27563,-10.04178,0,0,0,0,0
,2020-02-20,16,0.60714,-13.97089,0,0,0,0,0
,2020-02-21,16,0.20682,-10.21308,0,0,0,0,0
,2020-02-22,16,0.52234,-0.88439,0,0,0,0,0
,2020-02-23,16,1.9357,2.1488,0,0,0,0,0
,2020-02-24,16,2.06523,-3.33235,0,0,0,0,0
,2020-02-25,16,0.55564,-8.66555,0,0,0,0,0
,2020-02-26,16,0.82644,-13.60858,0,0,0,0,0
,2020-02-27,16,1.52818,-8.50366,0,0,0,0,0
,2020-02-28,16,0.04021,-4.42005,0,0,0,0,0
,2020-02-29,16,0,-0.29628,0,0,0,0,0
,2020-03-01,16,5.92033,1.56765,0,0,0,0,0
,2020-03-02,16,0.82183,-3.25696,0,0,0,0,0
,2020-03-03,16,0.01772,-4.43481,0,0,0,0,0
,2020-03-04,16,0,-1.58889,0,0,0,0,0
,2020-03-05,16,0,0.12053,0,0,0,0,0
,2020-03-06,16,0,0.72215,0,0,0,0,0
,2020-03-07,16,0.01621,3.75372,0,0,0,0,0
,2020-03-08,16,1.95207,4.35126,0,0,0,0,0
,2020-03-09,16,0.0521,4.15822,0,0,0,0,0
,2020-03-10,16,2.70187,1.52011,0,0,0,0,0
,2020-03-11,16,1.26294,1.32503,0,0,0,0,0
,2020-03-12,16,0.03179,3.51315,0,0,0,0,0
,2020-03-13,16,3.52444,-0.22785,0,0,0,0,0
,2020-03-14,16,0.25151,-3.00942,0,0,0,0,0
,2020-03-15,16,0.0042,0.60534,0,0,0,0,0
,2020-03-16,16,0,1.97665,0,0,0,0,0
,2020-03-17,16,0.08798,2.63403,0,0,0,0,0
,2020-03-18,16,5.21939,2.82665,0,0,0,0,0
,2020-03-19,16,40.43892,2.69388,0,0,0,0,0
,2020-03-20,16,2.96128,-5.97089,0,0,0,0,0
,2020-03-21,16,0.83459,-6.2545,0,0,0,0,0
,2020-03-22,16,1.17428,-1.37989,0,0,0,0,0
,2020-03-23,16,1.19338,-1.8012,0,0,0,0,0
,2020-03-24,16,0.07937,-0.72989,0,0,0,0,0
,2020-03-25,16,0.0013,2.08692,0,0,0,0,0
,2020-03-26,16,0,2.45576,0,0,0,0,0
,2020-03-27,16,9.77697,2.48649,0,0,0,0,0
,2020-03-28,16,0.63357,-5.34916,0,0,0,0,0
,2020-03-29,16,0.09329,-5.92005,0,0,0,0,0
,2020-03-30,16,0.12309,-1.66555,0,0,0,0,0
,2020-03-31,16,0.00323,-0.07251,0,0,0,0,0
,2020-04-01,16,0.04254,3.27011,0,0,0,0,0
,2020-04-02,16,2.63814,4.26969,0,0,0,0,0
,2020-04-03,16,1.21893,-5.74058,0,0,0,0,0
,2020-04-04,16,0.04663,-8.02293,0,0,0,0,0
,2020-04-05,16,0.00043,-0.05408,0,0,0,0,0
,2020-04-06,16,0,4.48896,0,0,0,0,0
,2020-04-07,16,0,6.28896,0,0,0,0,0
,2020-04-08,16,0,6.28896,0,0,0,0,0
,2020-04-09,16,0,3.81765,0,0,0,0,0
,2020-04-10,16,0,3.13157,0,0,0,0,0
,2020-04-11,16,7.56347,7.06519,0,0,0,0,0
,2020-04-12,16,11.48959,2.67419,0,0,0,0,0
,2020-04-13,16,5.46615,-9.11393,0,0,0,0,0
,2020-04-14,16,2.60259,-13.26843,0,0,0,0,0
,2020-04-15,16,17.35697,-9.44178,0,0,0,0,0
,2020-04-16,16,20.34931,-3.30612,0,0,0,0,0
,2020-04-17,16,3.48345,-10.38769,0,0,0,0,0
,2020-04-18,16,0.74914,-4.23031,0,0,0,0,0
,2020-04-19,16,0.12577,2.27215,0,0,0,0,0
,2020-04-20,16,0.00288,1.85822,0,0,0,0,0
,2020-04-21,16,0,2.82011,0,0,0,0,0
,2020-04-22,16,0,3.5488,0,0,0,0,0
,2020-04-23,16,3.82257,5.06519,0,0,0,0,0
,2020-04-24,16,3.87833,3.25084,0,0,0,0,0
,2020-04-25,16,0.27471,1.71519,0,0,0,0,0
,2020-04-26,16,0.1288,2.94634,0,0,0,0,0
,2020-04-27,16,0.00331,7.01519,0,0,0,0,0
,2020-04-28,16,0,9.43896,0,0,0,0,0
,2020-04-29,16,0,6.34346,0,0,0,0,0
,2020-04-30,16,0,8.37665,0,0,0,0,0
,2020-05-01,16,0,12.81519,0,0,0,0,0
,2020-05-02,16,5.39347,11.93896,0,0,0,0,0
,2020-05-03,16,2.75205,6.61477,0,0,0,0,0
,2020-05-04,16,2.15237,8.93403,0,0,0,0,0
,2020-05-05,16,0.07376,3.89388,0,0,0,0,0
,2020-05-06,16,0.00049,4.94388,0,0,0,0,0
,2020-05-07,16,0.4085,5.42215,0,0,0,0,0
,2020-05-08,16,0.01097,4.57953,0,0,0,0,0
,2020-05-09,16,0,2.32461,0,0,0,0,0
,2020-05-10,16,0,3.46026,0,0,0,0,0
,2020-05-11,16,4.15361,2.79592,0,0,0,0,0
,2020-05-12,16,0.11088,3.74796,0,0,0,0,0
,2020-05-13,16,0,8.20288,0,0,0,0,0
,2020-05-14,16,1.32617,8.92011,0,0,0,0,0
,2020-05-15,16,3.26009,7.14388,0,0,0,0,0
,2020-05-16,16,0.1046,6.88649,0,0,0,0,0
,2020-05-17,16,0.00049,6.41273,0,0,0,0,0
,2020-05-18,16,0,9.1078,0,0,0,0,0
,2020-05-19,16,0.41594,13.75822,0,0,0,0,0
,2020-05-20,16,0.0111,14.26068,0,0,0,0,0
,2020-05-21,16,0,11.13896,0,0,0,0,0
,2020-05-22,16,0,7.49388,0,0,0,0,0
,2020-05-23,16,0,9.61315,0,0,0,0,0
,2020-05-24,16,10.70189,8.69388,0,0,0,0,0
,2020-05-25,16,0.3886,1.29142,0,0,0,0,0
,2020-05-26,16,0.00273,3.18199,0,0,0,0,0
,2020-05-27,16,0.90209,9.75084,0,0,0,0,0
,2020-05-28,16,0.02408,11.32011,0,0,0,0,0
,2020-05-29,16,1.66513,10.16519,0,0,0,0,0
,2020-05-30,16,9.14936,13.84388,0,0,0,0,0
,2020-05-31,16,1.85979,13.38199,0,0,0,0,0
,2020-06-01,16,0.14508,14.36315,0,0,0,0,0
,2020-06-02,16,0.00272,16.40372,0,0,0,0,0
,2020-06-03,16,0,14.50126,0,0,0,0,0
,2020-06-04,16,0.59761,14.65618,0,0,0,0,0
,2020-06-05,16,0.01595,14.54184,0,0,0,0,0
,2020-06-06,16,1.27259,16.38241,0,0,0,0,0
,2020-06-07,16,0.03397,11.82749,0,0,0,0,0
,2020-06-08,16,3.00503,13.32011,0,0,0,0,0
,2020-06-09,16,1.41513,6.30576,0,0,0,0,0
,2020-06-10,16,0.05398,3.28692,0,0,0,0,0
,2020-06-11,16,0.11673,8.4488,0,0,0,0,0
,2020-06-12,16,0.11191,11.34184,0,0,0,0,0
,2020-06-13,16,2.21245,14.24184,0,0,0,0,0
,2020-06-14,16,0.05898,14.79634,0,0,0,0,0
,2020-06-15,16,0.04167,15.33692,0,0,0,0,0
,2020-06-16,16,0.00111,15.14184,0,0,0,0,0
,2020-06-17,16,0,16.00126,0,0,0,0,0
,2020-06-18,16,14.31753,14.76519,0,0,0,0,0
,2020-06-19,16,6.82611,8.58896,0,0,0,0,0
,2020-06-20,16,1.39643,6.30822,0,0,0,0,0
,2020-06-21,16,1.14745,11.30618,0,0,0,0,0
,2020-06-22,16,0.14611,12.07011,0,0,0,0,0
,2020-06-23,16,0.0031,11.87011,0,0,0,0,0
,2020-06-24,16,4.29853,12.89634,0,0,0,0,0
,2020-06-25,16,0.53221,15.16068,0,0,0,0,0
,2020-06-26,16,3.17643,15.22749,0,0,0,0,0
,2020-06-27,16,0.10346,13.12011,0,0,0,0,0
,2020-06-28,16,0.87491,14.77257,0,0,0,0,0
,2020-06-29,16,0.02334,15.91315,0,0,0,0,0
,2020-06-30,16,0,15.95126,0,0,0,0,0
,2020-07-01,16,0.05788,10.5988,0,0,0,0,0
,2020-07-02,16,0.00155,12.5488,0,0,0,0,0
,2020-07-03,16,0.41148,16.22995,0,0,0,0,0
,2020-07-04,16,1.53689,16.78445,0,0,0,0,0
,2020-07-05,16,1.90977,15.51068,0,0,0,0,0
,2020-07-06,16,0.41463,15.70372,0,0,0,0,0
,2020-07-07,16,0.00961,17.67053,0,0,0,0,0
,2020-07-08,16,0,17.91315,0,0,0,0,0
,2020-07-09,16,0.06019,17.26807,0,0,0,0,0
,2020-07-10,16,0.00161,16.57749,0,0,0,0,0
,2020-07-11,16,0,17.72053,0,0,0,0,0
,2020-07-12,16,0,17.47503,0,0,0,0,0
,2020-07-13,16,0.34042,19.1443,0,0,0,0,0
,2020-07-14,16,2.93987,19.11561,0,0,0,0,0
,2020-07-15,16,0.07823,15.21969,0,0,0,0,0
,2020-07-16,16,0,14.20822,0,0,0,0,0
,2020-07-17,16,0.05788,17.79676,0,0,0,0,0
,2020-07-18,16,0.05942,19.39634,0,0,0,0,0
,2020-07-19,16,1.23829,19.15576,0,0,0,0,0
,2020-07-20,16,0.03301,18.10822,0,0,0,0,0
,2020-07-21,16,0,17.71519,0,0,0,0,0
,2020-07-22,16,1.55154,16.86273,0,0,0,0,0
,2020-07-23,16,1.38847,17.57503,0,0,0,0,0
,2020-07-24,16,4.57613,17.57257,0,0,0,0,0
,2020-07-25,16,13.1999,15.82257,0,0,0,0,0
,2020-07-26,16,1.6431,14.25822,0,0,0,0,0
,2020-07-27,16,1.30173,12.6488,0,0,0,0,0
,2020-07-28,16,0.03366,14.47503,0,0,0,0,0
,2020-07-29,16,0.0007,14.16068,0,0,0,0,0
,2020-07-30,16,1.30357,16.10822,0,0,0,0,0
,2020-07-31,16,1.39268,13.69388,0,0,0,0,0
,2020-08-01,16,1.93636,14.71315,0,0,0,0,0
,2020-08-02,16,1.83178,14.91561,0,0,0,0,0
,2020-08-03,16,1.86365,14.72257,0,0,0,0,0
,2020-08-04,16,0.04848,16.51068,0,0,0,0,0
,2020-08-05,16,0.84406,17.72257,0,0,0,0,0
,2020-08-06,16,0.34183,16.7488,0,0,0,0,0
,2020-08-07,16,0.05251,16.92749,0,0,0,0,0
,2020-08-08,16,0.00117,17.72053,0,0,0,0,0
,2020-08-09,16,0,18.31807,0,0,0,0,0
,2020-08-10,16,0,18.17995,0,0,0,0,0
,2020-08-11,16,0,16.93199,0,0,0,0,0
,2020-08-12,16,0,17.97995,0,0,0,0,0
,2020-08-13,16,0,16.92749,0,0,0,0,0
,2020-08-14,16,0.00926,17.06315,0,0,0,0,0
,2020-08-15,16,0.00025,17.26315,0,0,0,0,0
,2020-08-16,16,0,17.36561,0,0,0,0,0
,2020-08-17,16,0,17.57995,0,0,0,0,0
,2020-08-18,16,0,18.27749,0,0,0,0,0
,2020-08-19,16,0.59087,18.36807,0,0,0,0,0
,2020-08-20,16,0.77781,17.68692,0,0,0,0,0
,2020-08-21,16,0.02034,17.70372,0,0,0,0,0
,2020-08-22,16,0,18.15618,0,0,0,0,0
,2020-08-23,16,0,18.98241,0,0,0,0,0
,2020-08-24,16,0.03521,19.14184,0,0,0,0,0
,2020-08-25,16,1.26937,19.4943,0,0,0,0,0
,2020-08-26,16,5.80921,19.32299,0,0,0,0,0
,2020-08-27,16,2.07702,16.65372,0,0,0,0,0
,2020-08-28,16,5.7157,17.93241,0,0,0,0,0
,2020-08-29,16,1.73212,13.02953,0,0,0,0,0
,2020-08-30,16,0.68682,12.27749,0,0,0,0,0
,2020-08-31,16,2.57323,12.27707,0,0,0,0,0
,2020-09-01,16,0.84096,11.01231,0,0,0,0,0
,2020-09-02,16,0.09703,10.99388,0,0,0,0,0
,2020-09-03,16,0.05297,13.92995,0,0,0,0,0
,2020-09-04,16,0.00136,14.50084,0,0,0,0,0
,2020-09-05,16,0.05325,16.25372,0,0,0,0,0
,2020-09-06,16,0.00142,18.38487,0,0,0,0,0
,2020-09-07,16,4.31592,19.03938,0,0,0,0,0
,2020-09-08,16,16.60988,11.02215,0,0,0,0,0
,2020-09-09,16,2.77335,-4.23523,0,0,0,0,0
,2020-09-10,16,2.08772,-3.38031,0,0,0,0,0
,2020-09-11,16,0.11889,0.51477,0,0,0,0,0
,2020-09-12,16,0.63179,4.74634,0,0,0,0,0
,2020-09-13,16,0.19325,10.38938,0,0,0,0,0
,2020-09-14,16,0.00471,11.91561,0,0,0,0,0
,2020-09-15,16,0,13.56561,0,0,0,0,0
,2020-09-16,16,0,13.91807,0,0,0,0,0
,2020-09-17,16,0,10.94634,0,0,0,0,0
,2020-09-18,16,0,12.88938,0,0,0,0,0
,2020-09-19,16,0,13.03445,0,0,0,0,0
,2020-09-20,16,0,14.58692,0,0,0,0,0
,2020-09-21,16,0,12.45126,0,0,0,0,0
,2020-09-22,16,0.03201,13.18692,0,0,0,0,0
,2020-09-23,16,0.00085,13.26111,0,0,0,0,0
,2020-09-24,16,0,13.8988,0,0,0,0,0
,2020-09-25,16,0,16.49634,0,0,0,0,0
,2020-09-26,16,0,16.75822,0,0,0,0,0
,2020-09-27,16,0,14.22461,0,0,0,0,0
,2020-09-28,16,0,3.77665,0,0,0,0,0
,2020-09-29,16,0,2.76519,0,0,0,0,0
,2020-09-30,16,0,11.23692,0,0,0,0,0
